0 3377 0.0
0 3378 0.0
0 3379 0.0
0 3381 0.0
1 3377 0.0
1 3382 0.0
1 3383 0.0
1 3384 0.0
1 3381 0.0
2 3377 0.0
2 3386 0.0
2 3387 0.0
2 3388 0.0
2 3381 0.0
3 3377 0.0
3 3390 0.0
3 3391 0.0
3 3392 0.0
3 3381 0.0
4 3377 0.0
4 3394 0.0
4 3395 0.0
4 3396 0.0
4 3381 0.0
5 3377 0.0
5 3398 0.0
5 3399 0.0
5 3381 0.0
6 3377 0.0
6 3401 0.0
6 3402 0.0
6 3381 0.0
7 3377 0.0
7 3404 0.0
7 3405 0.0
7 3406 0.0
7 3381 0.0
8 3408 0.0
8 3409 0.0
8 3410 0.0
8 3411 0.0
9 3408 0.0
9 3413 0.0
9 3410 0.0
9 3411 0.0
10 3408 0.0
10 3415 0.0
10 3410 0.0
10 3411 0.0
11 3408 0.0
11 3417 0.0
11 3410 0.0
11 3411 0.0
12 3408 0.0
12 3419 0.0
12 3410 0.0
12 3411 0.0
13 3408 0.0
13 3421 0.0
13 3411 0.0
13 3410 0.0
13 1046 0.0
13 3422 0.0
13 5977 0.0
14 3408 0.0
14 3423 0.0
14 3411 0.0
14 3410 0.0
14 1047 0.0
14 3424 0.0
14 5978 0.0
15 3408 0.0
15 3425 0.0
15 3410 0.0
15 3411 0.0
16 3408 0.0
16 3427 0.0
16 3411 0.0
16 3410 0.0
16 1049 0.0
16 3428 0.0
16 5979 0.0
17 3408 0.0
17 3429 0.0
17 3411 0.0
17 3410 0.0
17 1050 0.0
17 3430 0.0
17 5980 0.0
18 3408 0.0
18 3431 0.0
18 3411 0.0
18 3410 0.0
18 1051 0.0
18 3432 0.0
18 5981 0.0
19 3408 0.0
19 3433 0.0
19 3410 0.0
19 3411 0.0
20 3408 0.0
20 3435 0.0
20 3410 0.0
20 3411 0.0
21 3408 0.0
22 3408 0.0
23 3408 0.0
24 3408 0.0
25 3408 0.0
26 3408 0.0
27 3408 0.0
28 3408 0.0
29 3408 0.0
30 3408 0.0
31 3408 0.0
32 3408 0.0
33 3408 0.0
34 3450 0.0
35 3450 0.0
36 3450 0.0
37 3450 0.0
38 3450 0.0
39 3450 0.0
40 3450 0.0
41 3450 0.0
42 3450 0.0
43 3450 0.0
44 3450 0.0
45 3450 0.0
46 3450 0.0
47 3419 0.0
47 3450 0.0
47 3411 0.0
48 3417 0.0
48 3450 0.0
48 3411 0.0
49 3435 0.0
49 3450 0.0
49 3411 0.0
50 3421 0.0
50 3450 0.0
50 3411 0.0
51 3423 0.0
51 3450 0.0
51 3411 0.0
52 3427 0.0
52 3450 0.0
52 3411 0.0
53 3429 0.0
53 3450 0.0
53 3411 0.0
54 3431 0.0
54 3450 0.0
54 3411 0.0
55 3409 0.0
55 3450 0.0
55 3411 0.0
56 3425 0.0
56 3450 0.0
56 3411 0.0
57 3415 0.0
57 3450 0.0
57 3411 0.0
58 3413 0.0
58 3450 0.0
58 3411 0.0
59 3433 0.0
59 3450 0.0
59 3411 0.0
60 3377 0.0
60 3410 0.0
60 3464 0.0
61 3377 0.0
61 3410 0.0
61 3466 0.0
61 3464 0.0
62 3377 0.0
62 3410 0.0
62 3468 0.0
62 3464 0.0
63 3377 0.0
63 3410 0.0
63 3470 0.0
63 3464 0.0
64 3377 0.0
64 3410 0.0
64 3472 0.0
64 3464 0.0
65 3377 0.0
65 3410 0.0
65 3464 0.0
66 3377 0.0
66 3410 0.0
66 3464 0.0
67 3377 0.0
67 3410 0.0
67 3476 0.0
67 3464 0.0
68 3478 0.0
68 3479 0.0
69 3481 0.0
133 3481 0.0
283 3481 0.0
3377 3481 0.0
3482 3481 0.0
3487 3481 0.0
69 3483 0.0
133 3483 0.0
283 3483 0.0
3377 3483 0.0
3482 3483 0.0
3487 3483 0.0
69 3484 0.0
133 3484 0.0
283 3484 0.0
3377 3484 0.0
3482 3484 0.0
3487 3484 0.0
69 3485 0.0
133 3485 0.0
283 3485 0.0
3377 3485 0.0
3482 3485 0.0
3487 3485 0.0
69 3464 0.0
133 3464 0.0
283 3464 0.0
3377 3464 0.0
3482 3464 0.0
3487 3464 0.0
69 4645 0.0
133 4645 0.0
283 4645 0.0
3377 4645 0.0
3482 4645 0.0
3487 4645 0.0
69 3488 0.0
133 3488 0.0
283 3488 0.0
3377 3488 0.0
3482 3488 0.0
3487 3488 0.0
69 3489 0.0
133 3489 0.0
283 3489 0.0
3377 3489 0.0
3482 3489 0.0
3487 3489 0.0
69 4649 0.0
133 4649 0.0
283 4649 0.0
3377 4649 0.0
3482 4649 0.0
3487 4649 0.0
69 600 0.0
69 661 0.0
69 791 0.0
69 1144 0.0
69 4111 0.0
69 4650 0.0
69 5518 0.0
69 5519 0.0
69 5630 0.0
133 600 0.0
133 661 0.0
133 791 0.0
133 1144 0.0
133 4111 0.0
133 4650 0.0
133 5518 0.0
133 5519 0.0
133 5630 0.0
283 600 0.0
283 661 0.0
283 791 0.0
283 1144 0.0
283 4111 0.0
283 4650 0.0
283 5518 0.0
283 5519 0.0
283 5630 0.0
3377 600 0.0
3377 661 0.0
3377 791 0.0
3377 1144 0.0
3377 4111 0.0
3377 4650 0.0
3377 5518 0.0
3377 5519 0.0
3377 5630 0.0
3482 600 0.0
3482 661 0.0
3482 791 0.0
3482 1144 0.0
3482 4111 0.0
3482 4650 0.0
3482 5518 0.0
3482 5519 0.0
3482 5630 0.0
3487 600 0.0
3487 661 0.0
3487 791 0.0
3487 1144 0.0
3487 4111 0.0
3487 4650 0.0
3487 5518 0.0
3487 5519 0.0
3487 5630 0.0
69 186 0.0
69 203 0.0
69 3490 0.0
69 4298 0.0
69 4299 0.0
133 186 0.0
133 203 0.0
133 3490 0.0
133 4298 0.0
133 4299 0.0
283 186 0.0
283 203 0.0
283 3490 0.0
283 4298 0.0
283 4299 0.0
3377 186 0.0
3377 203 0.0
3377 3490 0.0
3377 4298 0.0
3377 4299 0.0
3482 186 0.0
3482 203 0.0
3482 3490 0.0
3482 4298 0.0
3482 4299 0.0
3487 186 0.0
3487 203 0.0
3487 3490 0.0
3487 4298 0.0
3487 4299 0.0
69 3492 0.0
133 3492 0.0
283 3492 0.0
3377 3492 0.0
3482 3492 0.0
3487 3492 0.0
69 3493 0.0
133 3493 0.0
283 3493 0.0
3377 3493 0.0
3482 3493 0.0
3487 3493 0.0
69 3494 0.0
133 3494 0.0
283 3494 0.0
3377 3494 0.0
3482 3494 0.0
3487 3494 0.0
69 3495 0.0
133 3495 0.0
283 3495 0.0
3377 3495 0.0
3482 3495 0.0
3487 3495 0.0
69 4652 0.0
133 4652 0.0
283 4652 0.0
3377 4652 0.0
3482 4652 0.0
3487 4652 0.0
69 3497 0.0
133 3497 0.0
283 3497 0.0
3377 3497 0.0
3482 3497 0.0
3487 3497 0.0
69 3498 0.0
133 3498 0.0
283 3498 0.0
3377 3498 0.0
3482 3498 0.0
3487 3498 0.0
69 4656 0.0
133 4656 0.0
283 4656 0.0
3377 4656 0.0
3482 4656 0.0
3487 4656 0.0
69 602 0.0
69 663 0.0
69 793 0.0
69 1139 0.0
69 4121 0.0
69 4657 0.0
69 5522 0.0
69 5523 0.0
69 5632 0.0
133 602 0.0
133 663 0.0
133 793 0.0
133 1139 0.0
133 4121 0.0
133 4657 0.0
133 5522 0.0
133 5523 0.0
133 5632 0.0
283 602 0.0
283 663 0.0
283 793 0.0
283 1139 0.0
283 4121 0.0
283 4657 0.0
283 5522 0.0
283 5523 0.0
283 5632 0.0
3377 602 0.0
3377 663 0.0
3377 793 0.0
3377 1139 0.0
3377 4121 0.0
3377 4657 0.0
3377 5522 0.0
3377 5523 0.0
3377 5632 0.0
3482 602 0.0
3482 663 0.0
3482 793 0.0
3482 1139 0.0
3482 4121 0.0
3482 4657 0.0
3482 5522 0.0
3482 5523 0.0
3482 5632 0.0
3487 602 0.0
3487 663 0.0
3487 793 0.0
3487 1139 0.0
3487 4121 0.0
3487 4657 0.0
3487 5522 0.0
3487 5523 0.0
3487 5632 0.0
69 188 0.0
69 205 0.0
69 3499 0.0
69 4302 0.0
69 4303 0.0
133 188 0.0
133 205 0.0
133 3499 0.0
133 4302 0.0
133 4303 0.0
283 188 0.0
283 205 0.0
283 3499 0.0
283 4302 0.0
283 4303 0.0
3377 188 0.0
3377 205 0.0
3377 3499 0.0
3377 4302 0.0
3377 4303 0.0
3482 188 0.0
3482 205 0.0
3482 3499 0.0
3482 4302 0.0
3482 4303 0.0
3487 188 0.0
3487 205 0.0
3487 3499 0.0
3487 4302 0.0
3487 4303 0.0
69 3501 0.0
133 3501 0.0
283 3501 0.0
3377 3501 0.0
3482 3501 0.0
3487 3501 0.0
69 3502 0.0
133 3502 0.0
283 3502 0.0
3377 3502 0.0
3482 3502 0.0
3487 3502 0.0
69 3503 0.0
133 3503 0.0
283 3503 0.0
3377 3503 0.0
3482 3503 0.0
3487 3503 0.0
69 3504 0.0
133 3504 0.0
283 3504 0.0
3377 3504 0.0
3482 3504 0.0
3487 3504 0.0
69 4659 0.0
133 4659 0.0
283 4659 0.0
3377 4659 0.0
3482 4659 0.0
3487 4659 0.0
69 3506 0.0
133 3506 0.0
283 3506 0.0
3377 3506 0.0
3482 3506 0.0
3487 3506 0.0
69 3507 0.0
133 3507 0.0
283 3507 0.0
3377 3507 0.0
3482 3507 0.0
3487 3507 0.0
69 4663 0.0
133 4663 0.0
283 4663 0.0
3377 4663 0.0
3482 4663 0.0
3487 4663 0.0
69 599 0.0
69 660 0.0
69 790 0.0
69 1141 0.0
69 4104 0.0
69 4664 0.0
69 5516 0.0
69 5517 0.0
69 5629 0.0
133 599 0.0
133 660 0.0
133 790 0.0
133 1141 0.0
133 4104 0.0
133 4664 0.0
133 5516 0.0
133 5517 0.0
133 5629 0.0
283 599 0.0
283 660 0.0
283 790 0.0
283 1141 0.0
283 4104 0.0
283 4664 0.0
283 5516 0.0
283 5517 0.0
283 5629 0.0
3377 599 0.0
3377 660 0.0
3377 790 0.0
3377 1141 0.0
3377 4104 0.0
3377 4664 0.0
3377 5516 0.0
3377 5517 0.0
3377 5629 0.0
3482 599 0.0
3482 660 0.0
3482 790 0.0
3482 1141 0.0
3482 4104 0.0
3482 4664 0.0
3482 5516 0.0
3482 5517 0.0
3482 5629 0.0
3487 599 0.0
3487 660 0.0
3487 790 0.0
3487 1141 0.0
3487 4104 0.0
3487 4664 0.0
3487 5516 0.0
3487 5517 0.0
3487 5629 0.0
69 190 0.0
69 207 0.0
69 3508 0.0
69 4306 0.0
69 4307 0.0
133 190 0.0
133 207 0.0
133 3508 0.0
133 4306 0.0
133 4307 0.0
283 190 0.0
283 207 0.0
283 3508 0.0
283 4306 0.0
283 4307 0.0
3377 190 0.0
3377 207 0.0
3377 3508 0.0
3377 4306 0.0
3377 4307 0.0
3482 190 0.0
3482 207 0.0
3482 3508 0.0
3482 4306 0.0
3482 4307 0.0
3487 190 0.0
3487 207 0.0
3487 3508 0.0
3487 4306 0.0
3487 4307 0.0
69 3510 0.0
133 3510 0.0
283 3510 0.0
3377 3510 0.0
3482 3510 0.0
3487 3510 0.0
69 3511 0.0
133 3511 0.0
283 3511 0.0
3377 3511 0.0
3482 3511 0.0
3487 3511 0.0
69 3512 0.0
133 3512 0.0
283 3512 0.0
3377 3512 0.0
3482 3512 0.0
3487 3512 0.0
69 3513 0.0
133 3513 0.0
283 3513 0.0
3377 3513 0.0
3482 3513 0.0
3487 3513 0.0
69 4666 0.0
133 4666 0.0
283 4666 0.0
3377 4666 0.0
3482 4666 0.0
3487 4666 0.0
69 3515 0.0
133 3515 0.0
283 3515 0.0
3377 3515 0.0
3482 3515 0.0
3487 3515 0.0
69 3516 0.0
133 3516 0.0
283 3516 0.0
3377 3516 0.0
3482 3516 0.0
3487 3516 0.0
69 3517 0.0
133 3517 0.0
283 3517 0.0
3377 3517 0.0
3482 3517 0.0
3487 3517 0.0
69 3518 0.0
133 3518 0.0
283 3518 0.0
3377 3518 0.0
3482 3518 0.0
3487 3518 0.0
69 4669 0.0
133 4669 0.0
283 4669 0.0
3377 4669 0.0
3482 4669 0.0
3487 4669 0.0
70 3520 0.0
70 3521 0.0
71 3522 0.0
71 3521 0.0
72 3523 0.0
72 3521 0.0
73 3524 0.0
73 3521 0.0
74 3525 0.0
74 3521 0.0
75 3526 0.0
75 3521 0.0
76 3527 0.0
76 3521 0.0
77 3528 0.0
77 3521 0.0
78 3529 0.0
78 3530 0.0
78 3532 0.0
78 3534 0.0
78 3536 0.0
78 3538 0.0
78 3540 0.0
78 3542 0.0
78 3544 0.0
79 3378 0.0
79 3410 0.0
79 3526 0.0
79 3547 0.0
79 3548 0.0
79 3549 0.0
79 3551 0.0
80 3382 0.0
80 3410 0.0
80 3520 0.0
80 3563 0.0
80 3551 0.0
80 477 0.0
80 3564 0.0
80 3666 0.0
81 3386 0.0
81 3410 0.0
81 3523 0.0
81 3577 0.0
81 3551 0.0
81 478 0.0
81 3578 0.0
81 3667 0.0
82 3390 0.0
82 3410 0.0
82 3522 0.0
82 3591 0.0
82 3551 0.0
82 479 0.0
82 3592 0.0
82 3668 0.0
83 3394 0.0
83 3410 0.0
83 3525 0.0
83 3605 0.0
83 3551 0.0
83 480 0.0
83 3606 0.0
83 3662 0.0
84 3398 0.0
84 3410 0.0
84 3528 0.0
84 3619 0.0
84 3620 0.0
84 3621 0.0
84 3551 0.0
85 3401 0.0
85 3410 0.0
85 3527 0.0
85 3634 0.0
85 3635 0.0
85 3636 0.0
85 3551 0.0
86 3404 0.0
86 3410 0.0
86 3524 0.0
86 3649 0.0
86 3551 0.0
86 483 0.0
86 3650 0.0
86 3665 0.0
87 3529 0.0
87 480 0.0
87 3606 0.0
87 3662 0.0
88 3529 0.0
88 3663 0.0
89 3529 0.0
89 3664 0.0
90 3529 0.0
90 483 0.0
90 3650 0.0
90 3665 0.0
91 3529 0.0
91 477 0.0
91 3564 0.0
91 3666 0.0
92 3529 0.0
92 478 0.0
92 3578 0.0
92 3667 0.0
93 3529 0.0
93 479 0.0
93 3592 0.0
93 3668 0.0
94 3529 0.0
94 3669 0.0
95 3670 0.0
95 3671 0.0
95 3672 0.0
95 3673 0.0
95 3674 0.0
95 3675 0.0
95 3679 0.0
95 3680 0.0
95 3681 0.0
95 3682 0.0
95 3683 0.0
95 3686 0.0
95 3687 0.0
95 3688 0.0
95 3689 0.0
95 3690 0.0
95 3691 0.0
96 3686 0.0
96 3695 0.0
96 3697 0.0
96 687 0.0
96 779 0.0
96 1147 0.0
96 1170 0.0
96 3700 0.0
96 4811 0.0
96 5667 0.0
96 5763 0.0
96 6038 0.0
96 2196 0.0
96 2198 0.0
96 2225 0.0
96 3702 0.0
96 5043 0.0
96 6688 0.0
96 6689 0.0
96 400 0.0
96 657 0.0
96 689 0.0
96 777 0.0
96 1145 0.0
96 1166 0.0
96 3699 0.0
96 4816 0.0
96 5095 0.0
96 5096 0.0
96 5671 0.0
96 5761 0.0
96 6036 0.0
97 3670 0.0
97 3719 0.0
97 3721 0.0
97 688 0.0
97 781 0.0
97 1149 0.0
97 1169 0.0
97 3724 0.0
97 4823 0.0
97 5669 0.0
97 5765 0.0
97 6040 0.0
97 402 0.0
97 658 0.0
97 690 0.0
97 1615 0.0
97 3723 0.0
97 5101 0.0
97 5102 0.0
97 5514 0.0
97 5674 0.0
97 2197 0.0
97 2199 0.0
97 2224 0.0
97 3726 0.0
97 5047 0.0
97 6690 0.0
97 6691 0.0
98 3743 0.0
98 3745 0.0
98 3746 0.0
98 372 0.0
98 1174 0.0
98 1784 0.0
98 3751 0.0
98 5021 0.0
98 5023 0.0
98 6043 0.0
98 1179 0.0
98 3747 0.0
98 4355 0.0
98 3756 0.0
98 3757 0.0
98 3758 0.0
98 374 0.0
98 1175 0.0
98 1786 0.0
98 3763 0.0
98 5027 0.0
98 5029 0.0
98 6044 0.0
98 1181 0.0
98 3759 0.0
98 4360 0.0
98 3768 0.0
98 3769 0.0
98 3770 0.0
98 373 0.0
98 1176 0.0
98 1785 0.0
98 3775 0.0
98 5024 0.0
98 5026 0.0
98 6045 0.0
98 1180 0.0
98 3771 0.0
98 4357 0.0
98 3780 0.0
98 3781 0.0
98 3782 0.0
98 375 0.0
98 1177 0.0
98 1787 0.0
98 3787 0.0
98 5030 0.0
98 5032 0.0
98 6046 0.0
98 1182 0.0
98 3783 0.0
98 4363 0.0
98 3792 0.0
98 3793 0.0
98 3794 0.0
98 376 0.0
98 1178 0.0
98 1788 0.0
98 3799 0.0
98 5033 0.0
98 5035 0.0
98 6047 0.0
98 1183 0.0
98 3795 0.0
98 4366 0.0
99 3743 0.0
390 3743 0.0
2245 3743 0.0
3479 3743 0.0
99 3804 0.0
390 3804 0.0
2245 3804 0.0
3479 3804 0.0
99 3805 0.0
390 3805 0.0
2245 3805 0.0
3479 3805 0.0
99 3807 0.0
390 3807 0.0
2245 3807 0.0
3479 3807 0.0
99 5060 0.0
390 5060 0.0
2245 5060 0.0
3479 5060 0.0
99 5553 0.0
390 5553 0.0
2245 5553 0.0
3479 5553 0.0
99 3756 0.0
390 3756 0.0
2245 3756 0.0
3479 3756 0.0
99 3812 0.0
390 3812 0.0
2245 3812 0.0
3479 3812 0.0
99 3813 0.0
390 3813 0.0
2245 3813 0.0
3479 3813 0.0
99 3815 0.0
390 3815 0.0
2245 3815 0.0
3479 3815 0.0
99 5058 0.0
390 5058 0.0
2245 5058 0.0
3479 5058 0.0
99 5552 0.0
390 5552 0.0
2245 5552 0.0
3479 5552 0.0
99 3768 0.0
390 3768 0.0
2245 3768 0.0
3479 3768 0.0
99 3820 0.0
390 3820 0.0
2245 3820 0.0
3479 3820 0.0
99 3822 0.0
390 3822 0.0
2245 3822 0.0
3479 3822 0.0
99 5556 0.0
390 5556 0.0
2245 5556 0.0
3479 5556 0.0
99 5065 0.0
390 5065 0.0
2245 5065 0.0
3479 5065 0.0
99 3780 0.0
390 3780 0.0
2245 3780 0.0
3479 3780 0.0
99 3825 0.0
390 3825 0.0
2245 3825 0.0
3479 3825 0.0
99 3826 0.0
390 3826 0.0
2245 3826 0.0
3479 3826 0.0
99 3828 0.0
390 3828 0.0
2245 3828 0.0
3479 3828 0.0
99 5061 0.0
390 5061 0.0
2245 5061 0.0
3479 5061 0.0
99 5554 0.0
390 5554 0.0
2245 5554 0.0
3479 5554 0.0
99 3792 0.0
390 3792 0.0
2245 3792 0.0
3479 3792 0.0
99 3833 0.0
390 3833 0.0
2245 3833 0.0
3479 3833 0.0
99 3834 0.0
390 3834 0.0
2245 3834 0.0
3479 3834 0.0
99 3836 0.0
390 3836 0.0
2245 3836 0.0
3479 3836 0.0
99 5557 0.0
390 5557 0.0
2245 5557 0.0
3479 5557 0.0
99 5066 0.0
390 5066 0.0
2245 5066 0.0
3479 5066 0.0
100 3481 0.0
100 3488 0.0
100 3492 0.0
100 3497 0.0
100 3849 0.0
100 410 0.0
100 444 0.0
100 3850 0.0
100 5110 0.0
100 5186 0.0
100 3851 0.0
100 411 0.0
100 445 0.0
100 3852 0.0
100 5113 0.0
100 5193 0.0
100 3853 0.0
100 412 0.0
100 440 0.0
100 3854 0.0
100 5116 0.0
100 5158 0.0
100 3855 0.0
100 413 0.0
100 443 0.0
100 3856 0.0
100 5119 0.0
100 5179 0.0
100 3501 0.0
100 3859 0.0
100 415 0.0
100 441 0.0
100 3860 0.0
100 5123 0.0
100 5165 0.0
100 3861 0.0
100 416 0.0
100 442 0.0
100 3862 0.0
100 5125 0.0
100 5172 0.0
100 3506 0.0
100 3510 0.0
100 3515 0.0
109 3719 0.0
109 3913 0.0
109 3916 0.0
109 222 0.0
109 2105 0.0
109 3911 0.0
109 4036 0.0
109 4378 0.0
110 3695 0.0
110 3924 0.0
110 3916 0.0
110 223 0.0
110 2106 0.0
110 3922 0.0
110 4048 0.0
110 4381 0.0
111 3932 0.0
111 3934 0.0
111 3464 0.0
112 3932 0.0
112 3935 0.0
112 3937 0.0
112 3464 0.0
113 3932 0.0
113 3938 0.0
113 3940 0.0
113 3464 0.0
114 3932 0.0
114 3941 0.0
114 3943 0.0
114 3464 0.0
115 3932 0.0
115 3944 0.0
115 3946 0.0
115 3464 0.0
116 3932 0.0
116 3948 0.0
116 3464 0.0
117 3932 0.0
117 3950 0.0
117 3464 0.0
118 3932 0.0
118 3951 0.0
118 3953 0.0
118 3464 0.0
119 3671 0.0
119 3954 0.0
119 3955 0.0
119 3956 0.0
119 3957 0.0
120 3687 0.0
120 3959 0.0
120 3960 0.0
120 3961 0.0
120 3962 0.0
121 3679 0.0
121 3964 0.0
121 3965 0.0
121 3966 0.0
121 3967 0.0
122 3969 0.0
122 3971 0.0
122 380 0.0
122 3970 0.0
122 4765 0.0
123 3973 0.0
123 3974 0.0
123 3975 0.0
123 1762 0.0
123 1870 0.0
123 1961 0.0
123 3978 0.0
123 6446 0.0
123 6484 0.0
123 6521 0.0
124 3981 0.0
124 3982 0.0
124 3983 0.0
124 3984 0.0
124 1763 0.0
124 1871 0.0
124 1956 0.0
124 3987 0.0
124 6450 0.0
124 6485 0.0
124 6522 0.0
125 3990 0.0
125 3410 0.0
126 3990 0.0
126 3410 0.0
127 3990 0.0
127 3410 0.0
128 3990 0.0
128 3410 0.0
129 3990 0.0
129 3410 0.0
130 3672 0.0
130 3991 0.0
130 3680 0.0
130 3997 0.0
130 3688 0.0
130 4003 0.0
131 4009 0.0
131 4010 0.0
132 4009 0.0
132 4011 0.0
133 1902 0.0
133 4016 0.0
133 5682 0.0
133 1901 0.0
133 4017 0.0
133 5677 0.0
133 1906 0.0
133 4018 0.0
133 5678 0.0
133 1908 0.0
133 4020 0.0
133 5684 0.0
133 1907 0.0
133 4021 0.0
133 5683 0.0
133 1904 0.0
133 4022 0.0
133 5680 0.0
133 1903 0.0
133 4023 0.0
133 5679 0.0
133 1905 0.0
133 4024 0.0
133 5681 0.0
134 3932 0.0
134 4028 0.0
135 3932 0.0
135 4033 0.0
135 4034 0.0
135 222 0.0
135 2105 0.0
135 3911 0.0
135 4036 0.0
135 4378 0.0
136 3932 0.0
136 4039 0.0
136 4040 0.0
137 3932 0.0
137 4045 0.0
137 4046 0.0
137 223 0.0
137 2106 0.0
137 3922 0.0
137 4048 0.0
137 4381 0.0
138 3932 0.0
138 4051 0.0
138 4052 0.0
139 3932 0.0
139 4057 0.0
139 4058 0.0
140 3932 0.0
140 4062 0.0
141 3932 0.0
141 4067 0.0
141 4068 0.0
142 3383 0.0
142 3466 0.0
142 3511 0.0
142 3935 0.0
142 4033 0.0
142 4073 0.0
142 4074 0.0
142 4075 0.0
143 3387 0.0
143 3468 0.0
143 3516 0.0
143 3938 0.0
143 4039 0.0
143 4077 0.0
143 4078 0.0
143 4079 0.0
148 3405 0.0
148 3476 0.0
148 3502 0.0
148 3951 0.0
148 4067 0.0
148 4085 0.0
148 4086 0.0
148 4087 0.0
151 3395 0.0
151 3472 0.0
151 3483 0.0
151 3944 0.0
151 4051 0.0
151 4091 0.0
151 4092 0.0
151 4093 0.0
152 3391 0.0
152 3470 0.0
152 3493 0.0
152 3941 0.0
152 4045 0.0
152 4095 0.0
152 4096 0.0
152 4097 0.0
157 3954 0.0
157 4106 0.0
157 4109 0.0
157 599 0.0
157 660 0.0
157 790 0.0
157 1141 0.0
157 4104 0.0
157 4664 0.0
157 5516 0.0
157 5517 0.0
157 5629 0.0
157 3959 0.0
157 600 0.0
157 661 0.0
157 791 0.0
157 1144 0.0
157 4111 0.0
157 4650 0.0
157 5518 0.0
157 5519 0.0
157 5630 0.0
157 3964 0.0
157 3969 0.0
157 602 0.0
157 663 0.0
157 793 0.0
157 1139 0.0
157 4121 0.0
157 4657 0.0
157 5522 0.0
157 5523 0.0
157 5632 0.0
158 4126 0.0
309 4126 0.0
4125 4126 0.0
158 4129 0.0
309 4129 0.0
4125 4129 0.0
158 4134 0.0
309 4134 0.0
4125 4134 0.0
158 3973 0.0
309 3973 0.0
4125 3973 0.0
158 4145 0.0
309 4145 0.0
4125 4145 0.0
158 4151 0.0
309 4151 0.0
4125 4151 0.0
158 4157 0.0
309 4157 0.0
4125 4157 0.0
158 4163 0.0
309 4163 0.0
4125 4163 0.0
158 4169 0.0
309 4169 0.0
4125 4169 0.0
158 3981 0.0
309 3981 0.0
4125 3981 0.0
158 4180 0.0
309 4180 0.0
4125 4180 0.0
100 3484 0.0
100 3489 0.0
100 3494 0.0
100 3498 0.0
100 3503 0.0
100 3507 0.0
100 3512 0.0
100 3517 0.0
175 3377 0.0
175 4203 0.0
175 4206 0.0
176 3377 0.0
176 4203 0.0
176 4214 0.0
177 3377 0.0
177 4203 0.0
177 4222 0.0
178 3377 0.0
178 4203 0.0
178 4230 0.0
179 3377 0.0
179 4203 0.0
179 4238 0.0
180 3377 0.0
180 4203 0.0
180 4246 0.0
181 3377 0.0
181 4203 0.0
181 4254 0.0
182 3377 0.0
182 4203 0.0
182 4262 0.0
183 4057 0.0
183 4127 0.0
183 1827 0.0
183 1941 0.0
183 3018 0.0
183 3023 0.0
183 4274 0.0
183 5138 0.0
183 6502 0.0
183 6558 0.0
183 6864 0.0
184 3450 0.0
210 3450 0.0
4275 3450 0.0
184 4359 0.0
210 4359 0.0
4275 4359 0.0
184 1181 0.0
184 3759 0.0
184 4360 0.0
210 1181 0.0
210 3759 0.0
210 4360 0.0
4275 1181 0.0
4275 3759 0.0
4275 4360 0.0
184 4362 0.0
210 4362 0.0
4275 4362 0.0
184 1182 0.0
184 3783 0.0
184 4363 0.0
210 1182 0.0
210 3783 0.0
210 4363 0.0
4275 1182 0.0
4275 3783 0.0
4275 4363 0.0
184 4354 0.0
210 4354 0.0
4275 4354 0.0
184 1179 0.0
184 3747 0.0
184 4355 0.0
210 1179 0.0
210 3747 0.0
210 4355 0.0
4275 1179 0.0
4275 3747 0.0
4275 4355 0.0
184 4365 0.0
210 4365 0.0
4275 4365 0.0
184 1183 0.0
184 3795 0.0
184 4366 0.0
210 1183 0.0
210 3795 0.0
210 4366 0.0
4275 1183 0.0
4275 3795 0.0
4275 4366 0.0
184 1180 0.0
184 3771 0.0
184 4357 0.0
210 1180 0.0
210 3771 0.0
210 4357 0.0
4275 1180 0.0
4275 3771 0.0
4275 4357 0.0
185 4091 0.0
185 4296 0.0
185 4297 0.0
187 4095 0.0
187 4300 0.0
187 4301 0.0
189 4085 0.0
189 4304 0.0
189 4305 0.0
191 4073 0.0
191 4308 0.0
191 4309 0.0
192 4077 0.0
192 4310 0.0
192 4311 0.0
198 3982 0.0
198 4320 0.0
198 1552 0.0
198 4321 0.0
198 5969 0.0
198 1089 0.0
198 1617 0.0
198 4318 0.0
198 5212 0.0
198 5999 0.0
199 3974 0.0
199 4326 0.0
199 1090 0.0
199 1618 0.0
199 4324 0.0
199 5215 0.0
199 6000 0.0
200 4331 0.0
200 1553 0.0
200 4332 0.0
200 5973 0.0
200 1088 0.0
200 1616 0.0
200 4329 0.0
200 5209 0.0
200 5998 0.0
201 3673 0.0
201 3955 0.0
201 4335 0.0
201 3681 0.0
201 3965 0.0
201 4336 0.0
201 3689 0.0
201 3960 0.0
201 4337 0.0
202 3485 0.0
202 4092 0.0
202 4296 0.0
204 3495 0.0
204 4096 0.0
204 4300 0.0
206 3504 0.0
206 4086 0.0
206 4304 0.0
208 3513 0.0
208 4074 0.0
208 4308 0.0
209 3518 0.0
209 4078 0.0
209 4310 0.0
211 4009 0.0
212 4009 0.0
213 4009 0.0
214 4009 0.0
215 4009 0.0
216 4009 0.0
217 4009 0.0
218 4009 0.0
224 4382 0.0
224 4383 0.0
224 4384 0.0
224 4385 0.0
224 4386 0.0
224 3744 0.0
224 4388 0.0
224 4389 0.0
224 4390 0.0
224 4391 0.0
224 4392 0.0
224 4393 0.0
224 4395 0.0
224 4396 0.0
224 4397 0.0
224 4398 0.0
224 4399 0.0
224 4401 0.0
224 4402 0.0
224 4403 0.0
224 4405 0.0
224 4406 0.0
224 4407 0.0
224 4408 0.0
224 4410 0.0
224 4411 0.0
224 4412 0.0
237 3812 0.0
237 4009 0.0
237 1005 0.0
237 1229 0.0
237 4444 0.0
237 4574 0.0
237 5927 0.0
238 3804 0.0
238 4009 0.0
238 1003 0.0
238 1227 0.0
238 4446 0.0
238 4563 0.0
238 5925 0.0
239 3825 0.0
239 4009 0.0
239 1002 0.0
239 1226 0.0
239 4448 0.0
239 4552 0.0
239 5924 0.0
240 3833 0.0
240 4009 0.0
240 1004 0.0
240 1228 0.0
240 4450 0.0
240 5513 0.0
240 5926 0.0
224 4452 0.0
224 4453 0.0
224 4454 0.0
224 105 0.0
224 1189 0.0
224 3894 0.0
224 3897 0.0
224 6084 0.0
224 4455 0.0
224 4456 0.0
224 4457 0.0
224 106 0.0
224 1191 0.0
224 3900 0.0
224 3903 0.0
224 6086 0.0
224 4458 0.0
224 4459 0.0
224 4460 0.0
224 103 0.0
224 1196 0.0
224 3882 0.0
224 3885 0.0
224 6091 0.0
224 4461 0.0
224 4462 0.0
224 4463 0.0
224 101 0.0
224 1192 0.0
224 3870 0.0
224 3873 0.0
224 6087 0.0
224 4464 0.0
224 4465 0.0
224 4466 0.0
224 102 0.0
224 1195 0.0
224 3876 0.0
224 3879 0.0
224 6090 0.0
224 4467 0.0
224 4468 0.0
224 4469 0.0
224 104 0.0
224 1194 0.0
224 3888 0.0
224 3891 0.0
224 6089 0.0
241 3521 0.0
241 4470 0.0
241 4472 0.0
241 4473 0.0
241 4475 0.0
242 3521 0.0
242 4477 0.0
242 4479 0.0
242 4480 0.0
242 4482 0.0
243 4484 0.0
243 4486 0.0
243 4487 0.0
243 4489 0.0
243 3521 0.0
244 4402 0.0
244 4491 0.0
244 4492 0.0
244 4493 0.0
245 4406 0.0
245 4494 0.0
245 4495 0.0
245 4496 0.0
246 4396 0.0
246 4497 0.0
246 4498 0.0
246 4499 0.0
247 4411 0.0
247 4500 0.0
247 4501 0.0
247 4502 0.0
248 4390 0.0
248 4503 0.0
248 4504 0.0
248 4505 0.0
249 4383 0.0
249 4506 0.0
249 4507 0.0
249 4508 0.0
264 3991 0.0
264 4529 0.0
265 3997 0.0
265 4529 0.0
266 4003 0.0
266 4529 0.0
267 1002 0.0
267 1226 0.0
267 4448 0.0
267 4552 0.0
267 5924 0.0
267 1071 0.0
267 2335 0.0
267 4553 0.0
267 5990 0.0
267 6001 0.0
267 288 0.0
267 3357 0.0
267 3359 0.0
267 4561 0.0
267 4676 0.0
267 4678 0.0
267 6983 0.0
268 1003 0.0
268 1227 0.0
268 4446 0.0
268 4563 0.0
268 5925 0.0
268 1072 0.0
268 2334 0.0
268 4564 0.0
268 5991 0.0
268 6002 0.0
268 287 0.0
268 3356 0.0
268 3358 0.0
268 4572 0.0
268 4673 0.0
268 4675 0.0
268 6982 0.0
268 1692 0.0
268 2542 0.0
268 2543 0.0
268 2546 0.0
268 2547 0.0
268 2550 0.0
268 2551 0.0
268 4570 0.0
268 4581 0.0
268 6465 0.0
268 6466 0.0
268 6808 0.0
268 6809 0.0
268 6812 0.0
268 6813 0.0
269 1005 0.0
269 1229 0.0
269 4444 0.0
269 4574 0.0
269 5927 0.0
269 1073 0.0
269 2336 0.0
269 4575 0.0
269 5992 0.0
269 6003 0.0
269 289 0.0
269 3355 0.0
269 3360 0.0
269 4583 0.0
269 4679 0.0
269 4681 0.0
269 6981 0.0
269 1692 0.0
269 2542 0.0
269 2543 0.0
269 2546 0.0
269 2547 0.0
269 2550 0.0
269 2551 0.0
269 4570 0.0
269 4581 0.0
269 6465 0.0
269 6466 0.0
269 6808 0.0
269 6809 0.0
269 6812 0.0
269 6813 0.0
224 3849 0.0
224 4625 0.0
224 3851 0.0
224 4628 0.0
224 3853 0.0
224 4630 0.0
224 3855 0.0
224 4632 0.0
224 3859 0.0
224 4634 0.0
224 3861 0.0
224 4636 0.0
275 4009 0.0
275 4637 0.0
276 4009 0.0
276 4638 0.0
277 4009 0.0
277 4639 0.0
278 4009 0.0
278 4640 0.0
279 4009 0.0
279 4641 0.0
280 4009 0.0
280 4642 0.0
281 4009 0.0
281 4643 0.0
282 4009 0.0
282 4644 0.0
284 4672 0.0
285 4672 0.0
286 4672 0.0
290 3521 0.0
424 3521 0.0
4683 3521 0.0
290 4682 0.0
424 4682 0.0
4683 4682 0.0
290 4685 0.0
424 4685 0.0
4683 4685 0.0
290 4686 0.0
424 4686 0.0
4683 4686 0.0
290 4698 0.0
424 4698 0.0
4683 4698 0.0
290 4695 0.0
424 4695 0.0
4683 4695 0.0
290 4697 0.0
424 4697 0.0
4683 4697 0.0
290 4689 0.0
424 4689 0.0
4683 4689 0.0
290 4691 0.0
424 4691 0.0
4683 4691 0.0
290 4692 0.0
424 4692 0.0
4683 4692 0.0
291 4093 0.0
291 3377 0.0
291 4297 0.0
291 3464 0.0
292 3377 0.0
292 3464 0.0
292 186 0.0
292 203 0.0
292 3490 0.0
292 4298 0.0
292 4299 0.0
293 4097 0.0
293 3377 0.0
293 4301 0.0
293 3464 0.0
294 3377 0.0
294 3464 0.0
294 188 0.0
294 205 0.0
294 3499 0.0
294 4302 0.0
294 4303 0.0
295 4087 0.0
295 3377 0.0
295 4305 0.0
295 3464 0.0
296 3377 0.0
296 3464 0.0
296 190 0.0
296 207 0.0
296 3508 0.0
296 4306 0.0
296 4307 0.0
297 4075 0.0
297 3377 0.0
297 4309 0.0
297 3464 0.0
298 4079 0.0
298 3377 0.0
298 4311 0.0
298 3464 0.0
299 4477 0.0
299 4701 0.0
299 4702 0.0
299 4703 0.0
299 4704 0.0
300 4470 0.0
300 4484 0.0
300 4706 0.0
300 4707 0.0
300 4708 0.0
300 4709 0.0
300 4710 0.0
301 4714 0.0
301 4715 0.0
301 302 0.0
301 1585 0.0
301 1766 0.0
301 1869 0.0
301 1955 0.0
301 4713 0.0
301 4759 0.0
301 6422 0.0
301 6443 0.0
301 6488 0.0
301 6520 0.0
301 2254 0.0
301 4717 0.0
301 5779 0.0
301 4719 0.0
301 4720 0.0
301 4722 0.0
301 306 0.0
301 1586 0.0
301 1765 0.0
301 1876 0.0
301 1962 0.0
301 4718 0.0
301 4763 0.0
301 6423 0.0
301 6444 0.0
301 6487 0.0
301 6527 0.0
301 4724 0.0
301 4725 0.0
301 4727 0.0
301 304 0.0
301 1587 0.0
301 1761 0.0
301 1874 0.0
301 1959 0.0
301 4723 0.0
301 4761 0.0
301 6424 0.0
301 6448 0.0
301 6483 0.0
301 6525 0.0
301 4729 0.0
301 4730 0.0
301 4732 0.0
301 305 0.0
301 1588 0.0
301 1764 0.0
301 1875 0.0
301 1960 0.0
301 4728 0.0
301 4762 0.0
301 6425 0.0
301 6449 0.0
301 6486 0.0
301 6526 0.0
301 4734 0.0
301 4735 0.0
301 303 0.0
301 1589 0.0
301 1767 0.0
301 1873 0.0
301 1958 0.0
301 4733 0.0
301 4760 0.0
301 6426 0.0
301 6445 0.0
301 6489 0.0
301 6524 0.0
301 2253 0.0
301 4737 0.0
301 5495 0.0
290 4391 0.0
290 4738 0.0
290 4739 0.0
290 4741 0.0
290 4743 0.0
290 4384 0.0
290 4745 0.0
290 4746 0.0
290 4748 0.0
290 4750 0.0
290 4397 0.0
290 4752 0.0
290 4753 0.0
290 4755 0.0
290 4757 0.0
307 4010 0.0
307 4764 0.0
307 4768 0.0
307 4769 0.0
307 4772 0.0
307 4773 0.0
307 380 0.0
307 3970 0.0
307 4765 0.0
308 4011 0.0
308 4774 0.0
308 4775 0.0
308 4778 0.0
308 4779 0.0
308 4782 0.0
308 4783 0.0
311 4203 0.0
312 4203 0.0
313 4203 0.0
314 4203 0.0
315 4203 0.0
316 4203 0.0
317 4203 0.0
318 4203 0.0
326 4808 0.0
326 4809 0.0
326 687 0.0
326 779 0.0
326 1147 0.0
326 1170 0.0
326 3700 0.0
326 4811 0.0
326 5667 0.0
326 5763 0.0
326 6038 0.0
327 4808 0.0
327 4809 0.0
327 400 0.0
327 657 0.0
327 689 0.0
327 777 0.0
327 1145 0.0
327 1166 0.0
327 3699 0.0
327 4816 0.0
327 5095 0.0
327 5096 0.0
327 5671 0.0
327 5761 0.0
327 6036 0.0
328 4808 0.0
328 4809 0.0
328 688 0.0
328 781 0.0
328 1149 0.0
328 1169 0.0
328 3724 0.0
328 4823 0.0
328 5669 0.0
328 5765 0.0
328 6040 0.0
329 3547 0.0
329 4637 0.0
329 4826 0.0
329 4827 0.0
329 4828 0.0
329 4829 0.0
329 1970 0.0
329 1994 0.0
329 4831 0.0
329 6585 0.0
329 6586 0.0
330 3563 0.0
330 4638 0.0
330 4832 0.0
330 1974 0.0
330 1998 0.0
330 4836 0.0
330 6593 0.0
330 6594 0.0
331 3577 0.0
331 4639 0.0
331 4837 0.0
331 1968 0.0
331 1992 0.0
331 4841 0.0
331 6581 0.0
331 6582 0.0
332 3591 0.0
332 4640 0.0
332 4842 0.0
332 1969 0.0
332 1993 0.0
332 4846 0.0
332 6583 0.0
332 6584 0.0
333 3605 0.0
333 4641 0.0
333 4847 0.0
333 1967 0.0
333 1991 0.0
333 4851 0.0
333 6579 0.0
333 6580 0.0
334 3619 0.0
334 4642 0.0
334 4852 0.0
334 4853 0.0
334 4854 0.0
334 4855 0.0
334 1971 0.0
334 1995 0.0
334 4857 0.0
334 6587 0.0
334 6588 0.0
335 3634 0.0
335 4643 0.0
335 4858 0.0
335 4859 0.0
335 4860 0.0
335 4861 0.0
335 1973 0.0
335 1997 0.0
335 4863 0.0
335 6591 0.0
335 6592 0.0
336 3649 0.0
336 4644 0.0
336 4864 0.0
336 1972 0.0
336 1996 0.0
336 4868 0.0
336 6589 0.0
336 6590 0.0
338 3990 0.0
338 4870 0.0
339 3990 0.0
339 4871 0.0
340 3990 0.0
340 4872 0.0
341 3990 0.0
341 4873 0.0
344 3990 0.0
344 4876 0.0
345 4359 0.0
345 4362 0.0
345 616 0.0
345 4877 0.0
345 5561 0.0
346 4354 0.0
346 4365 0.0
346 615 0.0
346 4883 0.0
346 5558 0.0
350 4895 0.0
350 4896 0.0
350 4897 0.0
350 4898 0.0
350 4899 0.0
350 4900 0.0
350 4901 0.0
350 4902 0.0
350 4911 0.0
350 4912 0.0
350 4913 0.0
350 4914 0.0
350 4915 0.0
350 4916 0.0
350 4917 0.0
350 4918 0.0
351 4919 0.0
351 4920 0.0
351 4921 0.0
351 4926 0.0
351 4927 0.0
351 4928 0.0
351 4932 0.0
351 4933 0.0
351 4934 0.0
351 4938 0.0
351 4939 0.0
351 4940 0.0
351 4944 0.0
351 4945 0.0
351 4946 0.0
351 4950 0.0
351 4951 0.0
351 4952 0.0
351 4956 0.0
351 4957 0.0
351 4958 0.0
351 4962 0.0
351 4963 0.0
351 4964 0.0
355 4977 0.0
356 4977 0.0
357 4977 0.0
358 4977 0.0
359 4977 0.0
361 3934 0.0
361 4826 0.0
361 4990 0.0
361 4991 0.0
361 4992 0.0
361 3551 0.0
362 3953 0.0
362 4864 0.0
362 3551 0.0
363 3937 0.0
363 4832 0.0
363 3551 0.0
364 3940 0.0
364 4837 0.0
364 3551 0.0
365 3943 0.0
365 4842 0.0
365 3551 0.0
366 3950 0.0
366 4858 0.0
366 5006 0.0
366 5007 0.0
366 5008 0.0
366 3551 0.0
367 3946 0.0
367 4847 0.0
367 3551 0.0
368 3948 0.0
368 4852 0.0
368 5013 0.0
368 5014 0.0
368 5015 0.0
368 3551 0.0
369 3635 0.0
369 5017 0.0
369 5018 0.0
370 3548 0.0
370 5019 0.0
370 5018 0.0
371 3620 0.0
371 5020 0.0
371 5018 0.0
377 3674 0.0
377 3956 0.0
377 4774 0.0
378 3690 0.0
378 3961 0.0
378 4775 0.0
379 3682 0.0
379 3966 0.0
379 4764 0.0
385 5040 0.0
385 1550 0.0
385 5041 0.0
385 5975 0.0
385 2196 0.0
385 2198 0.0
385 2225 0.0
385 3702 0.0
385 5043 0.0
385 6688 0.0
385 6689 0.0
386 5040 0.0
386 1551 0.0
386 5045 0.0
386 5971 0.0
386 2197 0.0
386 2199 0.0
386 2224 0.0
386 3726 0.0
386 5047 0.0
386 6690 0.0
386 6691 0.0
387 5050 0.0
387 5051 0.0
387 5052 0.0
387 5053 0.0
388 5055 0.0
388 5051 0.0
388 5052 0.0
388 5053 0.0
389 5057 0.0
389 5051 0.0
389 5052 0.0
389 5053 0.0
390 3957 0.0
390 5059 0.0
390 3962 0.0
390 5062 0.0
390 3967 0.0
390 5063 0.0
390 5064 0.0
390 3971 0.0
390 5067 0.0
403 5104 0.0
404 5104 0.0
405 5104 0.0
420 3530 0.0
420 5019 0.0
420 3532 0.0
420 3534 0.0
420 3536 0.0
420 3538 0.0
420 1827 0.0
420 1941 0.0
420 3018 0.0
420 3023 0.0
420 4274 0.0
420 5138 0.0
420 6502 0.0
420 6558 0.0
420 6864 0.0
420 3540 0.0
420 5020 0.0
420 3542 0.0
420 5017 0.0
420 3544 0.0
424 3675 0.0
424 3683 0.0
424 3691 0.0
425 5146 0.0
425 5147 0.0
425 5148 0.0
425 5150 0.0
425 5151 0.0
426 5152 0.0
426 5153 0.0
426 5154 0.0
426 5156 0.0
426 5157 0.0
446 5200 0.0
446 5201 0.0
446 5203 0.0
446 5204 0.0
446 1190 0.0
446 5202 0.0
446 6085 0.0
447 5205 0.0
447 5201 0.0
447 5203 0.0
447 5204 0.0
447 1193 0.0
447 5206 0.0
447 6088 0.0
448 4626 0.0
448 5207 0.0
448 5208 0.0
448 1088 0.0
448 1616 0.0
448 4329 0.0
448 5209 0.0
448 5998 0.0
449 4626 0.0
449 5210 0.0
449 5211 0.0
449 1089 0.0
449 1617 0.0
449 4318 0.0
449 5212 0.0
449 5999 0.0
450 4626 0.0
450 5213 0.0
450 5214 0.0
450 1090 0.0
450 1618 0.0
450 4324 0.0
450 5215 0.0
450 6000 0.0
457 4729 0.0
457 5222 0.0
457 5223 0.0
458 4724 0.0
458 5224 0.0
458 5225 0.0
459 4734 0.0
459 5226 0.0
459 5227 0.0
460 4719 0.0
460 5228 0.0
460 5229 0.0
461 4714 0.0
461 5230 0.0
461 5231 0.0
462 3464 0.0
462 5232 0.0
463 3464 0.0
463 4870 0.0
464 3464 0.0
464 4871 0.0
465 3464 0.0
465 4872 0.0
466 3464 0.0
466 4873 0.0
467 3464 0.0
467 5232 0.0
468 3464 0.0
468 5232 0.0
469 3464 0.0
469 4876 0.0
476 3549 0.0
476 3669 0.0
476 5018 0.0
481 3621 0.0
481 3663 0.0
481 5018 0.0
482 3636 0.0
482 3664 0.0
482 5018 0.0
95 3697 0.0
95 3721 0.0
301 4738 0.0
301 5222 0.0
301 4745 0.0
301 5224 0.0
301 5226 0.0
301 4752 0.0
301 5228 0.0
301 5230 0.0
514 4808 0.0
515 4808 0.0
516 4808 0.0
517 4739 0.0
517 4626 0.0
517 4746 0.0
517 4753 0.0
518 5278 0.0
518 3377 0.0
518 5280 0.0
519 5281 0.0
519 3377 0.0
519 5283 0.0
520 5284 0.0
520 3377 0.0
520 5286 0.0
521 5287 0.0
521 3377 0.0
521 5289 0.0
522 5290 0.0
522 3377 0.0
522 5292 0.0
523 5293 0.0
523 3377 0.0
523 5295 0.0
524 5296 0.0
524 3377 0.0
524 5298 0.0
525 5299 0.0
525 3377 0.0
525 5301 0.0
526 4990 0.0
526 5018 0.0
526 5302 0.0
527 5006 0.0
527 5018 0.0
527 5304 0.0
528 5013 0.0
528 5018 0.0
528 5306 0.0
535 5040 0.0
536 5040 0.0
541 4859 0.0
541 5018 0.0
541 5325 0.0
542 4827 0.0
542 5018 0.0
542 5326 0.0
543 4853 0.0
543 5018 0.0
543 5327 0.0
570 5373 0.0
570 5377 0.0
570 5378 0.0
570 5384 0.0
570 5388 0.0
570 5389 0.0
570 5395 0.0
570 5399 0.0
570 5400 0.0
570 5406 0.0
570 5410 0.0
570 5411 0.0
570 5417 0.0
570 5421 0.0
570 5422 0.0
570 5428 0.0
570 5432 0.0
570 5433 0.0
570 5439 0.0
570 5443 0.0
570 5444 0.0
570 5450 0.0
570 5454 0.0
570 5455 0.0
224 5476 0.0
224 5479 0.0
224 5482 0.0
224 5485 0.0
224 5488 0.0
224 5491 0.0
578 4408 0.0
578 5494 0.0
578 2253 0.0
578 4737 0.0
578 5495 0.0
579 4393 0.0
579 5496 0.0
579 5497 0.0
579 5498 0.0
580 4386 0.0
580 5499 0.0
580 5500 0.0
580 5501 0.0
581 4399 0.0
581 5502 0.0
581 5503 0.0
581 5504 0.0
583 3990 0.0
583 5506 0.0
584 3990 0.0
584 5507 0.0
585 3990 0.0
585 5508 0.0
586 3990 0.0
586 5509 0.0
588 3990 0.0
588 5511 0.0
590 3478 0.0
590 1004 0.0
590 1228 0.0
590 4450 0.0
590 5513 0.0
590 5926 0.0
590 402 0.0
590 658 0.0
590 690 0.0
590 1615 0.0
590 3723 0.0
590 5101 0.0
590 5102 0.0
590 5514 0.0
590 5674 0.0
591 4828 0.0
591 5018 0.0
596 4854 0.0
596 5018 0.0
597 4860 0.0
597 5018 0.0
603 4645 0.0
603 4672 0.0
603 4649 0.0
603 4652 0.0
603 4656 0.0
603 4659 0.0
603 4663 0.0
603 4666 0.0
603 4669 0.0
604 3529 0.0
604 5524 0.0
605 3529 0.0
605 5525 0.0
606 3411 0.0
606 4720 0.0
606 4725 0.0
606 4730 0.0
606 4715 0.0
606 4735 0.0
98 3805 0.0
98 3813 0.0
98 3820 0.0
98 3826 0.0
98 3834 0.0
390 3479 0.0
2245 3479 0.0
3479 3479 0.0
2245 5063 0.0
3479 5063 0.0
390 5555 0.0
2245 5555 0.0
3479 5555 0.0
619 5200 0.0
619 5204 0.0
620 5205 0.0
620 5204 0.0
635 3450 0.0
635 4106 0.0
636 3450 0.0
636 4106 0.0
637 3450 0.0
637 4106 0.0
638 3450 0.0
638 4106 0.0
639 3450 0.0
639 4106 0.0
649 5018 0.0
649 716 0.0
649 5618 0.0
649 5693 0.0
654 5018 0.0
654 723 0.0
654 5623 0.0
654 5700 0.0
655 5018 0.0
655 721 0.0
655 5624 0.0
655 5698 0.0
664 4809 0.0
665 4809 0.0
666 4809 0.0
667 4809 0.0
537 5229 0.0
668 5229 0.0
5316 5229 0.0
537 5633 0.0
668 5633 0.0
5316 5633 0.0
537 5225 0.0
668 5225 0.0
5317 5225 0.0
537 5634 0.0
668 5634 0.0
5317 5634 0.0
537 5223 0.0
668 5223 0.0
5318 5223 0.0
537 5635 0.0
668 5635 0.0
5318 5635 0.0
537 5227 0.0
668 5227 0.0
5319 5227 0.0
537 5636 0.0
668 5636 0.0
5319 5636 0.0
537 5231 0.0
668 5231 0.0
5320 5231 0.0
537 5637 0.0
668 5637 0.0
5320 5637 0.0
537 5638 0.0
668 5638 0.0
5321 5638 0.0
669 5152 0.0
669 5640 0.0
669 5641 0.0
669 5146 0.0
669 5643 0.0
669 5644 0.0
670 5646 0.0
670 5648 0.0
670 5052 0.0
670 5053 0.0
670 5650 0.0
670 5652 0.0
670 5153 0.0
670 5654 0.0
670 5147 0.0
670 5656 0.0
670 5658 0.0
670 5660 0.0
671 3744 0.0
671 5661 0.0
672 3744 0.0
672 5662 0.0
673 3744 0.0
673 5663 0.0
674 3744 0.0
674 5664 0.0
675 3744 0.0
675 5665 0.0
676 3744 0.0
676 5666 0.0
692 4919 0.0
692 5662 0.0
692 1901 0.0
692 4017 0.0
692 5677 0.0
693 4926 0.0
693 5666 0.0
693 1906 0.0
693 4018 0.0
693 5678 0.0
694 4938 0.0
694 5663 0.0
694 1903 0.0
694 4023 0.0
694 5679 0.0
695 3913 0.0
695 4956 0.0
695 1904 0.0
695 4022 0.0
695 5680 0.0
696 3924 0.0
696 4932 0.0
696 1905 0.0
696 4024 0.0
696 5681 0.0
697 4944 0.0
697 5661 0.0
697 1902 0.0
697 4016 0.0
697 5682 0.0
698 4950 0.0
698 5665 0.0
698 1907 0.0
698 4021 0.0
698 5683 0.0
699 4962 0.0
699 5664 0.0
699 1908 0.0
699 4020 0.0
699 5684 0.0
700 5232 0.0
700 5685 0.0
705 5232 0.0
705 5690 0.0
706 5232 0.0
706 5691 0.0
708 3464 0.0
708 716 0.0
708 5618 0.0
708 5693 0.0
709 3464 0.0
709 5506 0.0
710 3464 0.0
710 5507 0.0
711 3464 0.0
711 5508 0.0
712 3464 0.0
712 5509 0.0
713 3464 0.0
713 721 0.0
713 5624 0.0
713 5698 0.0
714 3464 0.0
714 5511 0.0
715 3464 0.0
715 723 0.0
715 5623 0.0
715 5700 0.0
732 4977 0.0
732 5717 0.0
733 4977 0.0
734 4977 0.0
734 5719 0.0
735 4977 0.0
736 4977 0.0
736 5721 0.0
737 4977 0.0
738 4977 0.0
738 5723 0.0
739 4977 0.0
739 5724 0.0
740 5278 0.0
740 4977 0.0
740 5725 0.0
740 5726 0.0
740 5281 0.0
740 5727 0.0
740 5284 0.0
740 5241 0.0
740 5728 0.0
740 5287 0.0
740 5729 0.0
740 5290 0.0
740 5730 0.0
740 5293 0.0
740 5731 0.0
740 5296 0.0
740 5732 0.0
740 5299 0.0
740 5733 0.0
741 5734 0.0
741 5735 0.0
741 5736 0.0
748 5302 0.0
748 5326 0.0
748 5734 0.0
748 5737 0.0
748 5018 0.0
748 5304 0.0
748 5325 0.0
748 5735 0.0
748 5738 0.0
748 5306 0.0
748 5327 0.0
748 5736 0.0
748 5739 0.0
749 4991 0.0
749 5018 0.0
754 5007 0.0
754 5018 0.0
756 5014 0.0
756 5018 0.0
768 3745 0.0
768 4977 0.0
769 3757 0.0
769 4977 0.0
770 3769 0.0
770 4977 0.0
771 3781 0.0
771 4977 0.0
772 3793 0.0
772 4977 0.0
773 5204 0.0
773 5757 0.0
774 5204 0.0
774 5758 0.0
775 5204 0.0
775 5759 0.0
776 5059 0.0
848 5059 0.0
5760 5059 0.0
776 5552 0.0
848 5552 0.0
5760 5552 0.0
776 4009 0.0
848 4009 0.0
5760 4009 0.0
776 5062 0.0
848 5062 0.0
5760 5062 0.0
776 5553 0.0
848 5553 0.0
5760 5553 0.0
776 5554 0.0
848 5554 0.0
5760 5554 0.0
776 5064 0.0
848 5064 0.0
5760 5064 0.0
776 5555 0.0
848 5555 0.0
5760 5555 0.0
776 5067 0.0
848 5067 0.0
5760 5067 0.0
776 5556 0.0
848 5556 0.0
5760 5556 0.0
776 5557 0.0
848 5557 0.0
5760 5557 0.0
782 4701 0.0
782 5104 0.0
783 4706 0.0
783 5104 0.0
784 3983 0.0
806 4685 0.0
806 5502 0.0
806 5774 0.0
807 4691 0.0
807 5499 0.0
807 5776 0.0
808 5496 0.0
808 5778 0.0
808 4697 0.0
808 2254 0.0
808 4717 0.0
808 5779 0.0
810 4809 0.0
811 4809 0.0
812 4809 0.0
813 4809 0.0
814 3410 0.0
815 3410 0.0
816 3410 0.0
817 3410 0.0
818 3410 0.0
819 3990 0.0
819 5802 0.0
820 3990 0.0
820 5803 0.0
822 3990 0.0
822 5805 0.0
824 3990 0.0
824 5807 0.0
826 3990 0.0
826 5809 0.0
827 3990 0.0
827 5717 0.0
829 3990 0.0
829 5719 0.0
831 3990 0.0
831 5721 0.0
833 3990 0.0
833 5723 0.0
834 3990 0.0
834 5724 0.0
835 5725 0.0
835 5810 0.0
836 5725 0.0
836 5811 0.0
837 5725 0.0
837 5812 0.0
838 5725 0.0
838 5813 0.0
839 5725 0.0
839 5814 0.0
840 5725 0.0
840 5815 0.0
841 5725 0.0
841 5816 0.0
842 5725 0.0
842 5817 0.0
845 4206 0.0
845 4214 0.0
845 4222 0.0
845 4230 0.0
845 4238 0.0
845 4246 0.0
845 4254 0.0
845 4262 0.0
886 4672 0.0
886 5241 0.0
888 4672 0.0
888 5241 0.0
890 4672 0.0
890 5241 0.0
893 4009 0.0
894 4009 0.0
895 4009 0.0
896 4009 0.0
897 4009 0.0
900 5201 0.0
901 5201 0.0
902 5018 0.0
902 5685 0.0
907 5018 0.0
907 5690 0.0
908 5018 0.0
908 5691 0.0
920 3396 0.0
920 3551 0.0
921 3384 0.0
921 3551 0.0
922 3392 0.0
922 3551 0.0
923 3379 0.0
923 3551 0.0
924 3399 0.0
924 3551 0.0
925 3406 0.0
925 3551 0.0
926 3402 0.0
926 3551 0.0
927 3388 0.0
927 3551 0.0
928 4702 0.0
928 4748 0.0
928 5840 0.0
929 4707 0.0
929 4741 0.0
929 4755 0.0
929 5841 0.0
929 5842 0.0
930 3975 0.0
930 3529 0.0
931 3984 0.0
931 3529 0.0
932 4951 0.0
932 4203 0.0
933 4963 0.0
933 4203 0.0
934 4957 0.0
934 4203 0.0
935 4933 0.0
935 4203 0.0
936 4927 0.0
936 4203 0.0
937 4939 0.0
937 4203 0.0
938 4920 0.0
938 4203 0.0
939 4945 0.0
939 4203 0.0
953 4335 0.0
953 5210 0.0
953 5863 0.0
954 4336 0.0
954 5213 0.0
954 5864 0.0
955 4337 0.0
955 5207 0.0
955 5865 0.0
958 5057 0.0
958 5646 0.0
958 5204 0.0
958 5104 0.0
958 5868 0.0
958 5869 0.0
958 5870 0.0
959 5050 0.0
959 5658 0.0
959 5204 0.0
959 5104 0.0
959 5873 0.0
959 5874 0.0
959 5875 0.0
960 5055 0.0
960 5650 0.0
960 5204 0.0
960 5104 0.0
960 5878 0.0
960 5879 0.0
960 5880 0.0
351 5384 0.0
351 5373 0.0
351 5417 0.0
351 5406 0.0
351 5439 0.0
351 5428 0.0
351 5395 0.0
351 5450 0.0
961 4829 0.0
961 4992 0.0
961 5737 0.0
961 5883 0.0
966 4861 0.0
966 5008 0.0
966 5738 0.0
966 5893 0.0
968 4855 0.0
968 5015 0.0
968 5739 0.0
968 5897 0.0
971 4388 0.0
972 4388 0.0
973 4388 0.0
974 4388 0.0
975 4388 0.0
976 4388 0.0
224 5901 0.0
224 5902 0.0
224 550 0.0
224 5345 0.0
224 5346 0.0
224 5903 0.0
224 5904 0.0
224 551 0.0
224 5348 0.0
224 5349 0.0
224 5905 0.0
224 5906 0.0
224 548 0.0
224 5339 0.0
224 5340 0.0
224 5907 0.0
224 5908 0.0
224 546 0.0
224 5333 0.0
224 5334 0.0
224 5909 0.0
224 5910 0.0
224 547 0.0
224 5336 0.0
224 5337 0.0
224 5911 0.0
224 5912 0.0
224 549 0.0
224 5342 0.0
224 5343 0.0
977 4126 0.0
977 4529 0.0
978 3758 0.0
978 4145 0.0
978 4529 0.0
979 3746 0.0
979 4151 0.0
979 4529 0.0
980 3770 0.0
980 4157 0.0
980 4529 0.0
981 4134 0.0
981 4529 0.0
982 4163 0.0
982 4529 0.0
983 3794 0.0
983 4169 0.0
983 4529 0.0
984 3782 0.0
984 4180 0.0
984 4529 0.0
985 4472 0.0
1832 4472 0.0
5051 4472 0.0
985 5051 0.0
985 5052 0.0
1832 5051 0.0
1832 5052 0.0
5051 5051 0.0
5051 5052 0.0
985 4479 0.0
1832 4479 0.0
5051 4479 0.0
985 4486 0.0
1832 4486 0.0
5051 4486 0.0
999 4487 0.0
999 5759 0.0
999 4683 0.0
1000 4480 0.0
1000 5758 0.0
1000 4683 0.0
1001 4473 0.0
1001 5757 0.0
1001 4683 0.0
1014 3464 0.0
1014 3377 0.0
1014 5802 0.0
1015 3464 0.0
1015 3377 0.0
1015 5803 0.0
1016 3464 0.0
1016 3377 0.0
1017 3464 0.0
1017 3377 0.0
1017 5805 0.0
1018 3464 0.0
1018 3377 0.0
1019 3464 0.0
1019 3377 0.0
1019 5807 0.0
1020 3464 0.0
1020 3377 0.0
1021 3464 0.0
1021 3377 0.0
1021 5809 0.0
1027 616 0.0
1027 4877 0.0
1027 5561 0.0
1027 615 0.0
1027 4883 0.0
1027 5558 0.0
1032 4497 0.0
1032 4500 0.0
1032 548 0.0
1032 5339 0.0
1032 5340 0.0
1032 550 0.0
1032 5345 0.0
1032 5346 0.0
1033 4491 0.0
1033 4506 0.0
1033 546 0.0
1033 5333 0.0
1033 5334 0.0
1033 551 0.0
1033 5348 0.0
1033 5349 0.0
1034 4494 0.0
1034 4503 0.0
1034 547 0.0
1034 5336 0.0
1034 5337 0.0
1034 549 0.0
1034 5342 0.0
1034 5343 0.0
537 410 0.0
537 444 0.0
537 3850 0.0
537 5110 0.0
537 5186 0.0
537 411 0.0
537 445 0.0
537 3852 0.0
537 5113 0.0
537 5193 0.0
537 413 0.0
537 443 0.0
537 3856 0.0
537 5119 0.0
537 5179 0.0
537 415 0.0
537 441 0.0
537 3860 0.0
537 5123 0.0
537 5165 0.0
537 412 0.0
537 440 0.0
537 3854 0.0
537 5116 0.0
537 5158 0.0
537 416 0.0
537 442 0.0
537 3862 0.0
537 5125 0.0
537 5172 0.0
1037 5204 0.0
1037 1552 0.0
1037 4321 0.0
1037 5969 0.0
1038 5204 0.0
1038 1551 0.0
1038 5045 0.0
1038 5971 0.0
1039 5204 0.0
1039 1553 0.0
1039 4332 0.0
1039 5973 0.0
1040 5204 0.0
1040 1550 0.0
1040 5041 0.0
1040 5975 0.0
1057 5280 0.0
1057 5298 0.0
1057 5289 0.0
1057 5286 0.0
1057 5295 0.0
1057 5292 0.0
1057 5301 0.0
1057 5283 0.0
1076 3807 0.0
1076 3815 0.0
1076 3822 0.0
1076 3828 0.0
1076 3836 0.0
1077 4028 0.0
1077 3551 0.0
1078 4040 0.0
1078 3551 0.0
1079 4034 0.0
1079 3551 0.0
1080 4046 0.0
1080 3551 0.0
1081 4062 0.0
1081 3551 0.0
1082 4052 0.0
1082 3551 0.0
1083 4058 0.0
1083 3551 0.0
1084 4068 0.0
1084 3551 0.0
424 1071 0.0
424 2335 0.0
424 4553 0.0
424 5990 0.0
424 6001 0.0
424 1072 0.0
424 2334 0.0
424 4564 0.0
424 5991 0.0
424 6002 0.0
424 1073 0.0
424 2336 0.0
424 4575 0.0
424 5992 0.0
424 6003 0.0
1095 4127 0.0
224 4492 0.0
224 4692 0.0
224 4495 0.0
224 4698 0.0
224 4498 0.0
224 5841 0.0
224 4501 0.0
224 4686 0.0
224 4504 0.0
224 5842 0.0
224 4507 0.0
224 5840 0.0
1150 5643 0.0
1150 5204 0.0
1151 5204 0.0
1152 5640 0.0
1152 5204 0.0
1153 5204 0.0
517 5211 0.0
517 5863 0.0
517 5214 0.0
517 5864 0.0
517 5208 0.0
517 5865 0.0
224 6053 0.0
224 6054 0.0
224 6055 0.0
224 6056 0.0
224 6057 0.0
224 6058 0.0
224 6059 0.0
224 6060 0.0
224 6061 0.0
224 6062 0.0
224 6063 0.0
224 6064 0.0
224 4895 0.0
224 6065 0.0
224 6066 0.0
224 4896 0.0
224 6067 0.0
224 6068 0.0
224 4897 0.0
224 6069 0.0
224 6071 0.0
224 1813 0.0
224 6070 0.0
224 6219 0.0
224 4898 0.0
224 6072 0.0
224 6074 0.0
224 1811 0.0
224 6073 0.0
224 6223 0.0
1188 1050 0.0
1188 3430 0.0
1188 5980 0.0
1188 1046 0.0
1188 3422 0.0
1188 5977 0.0
1188 1051 0.0
1188 3432 0.0
1188 5981 0.0
1188 1047 0.0
1188 3424 0.0
1188 5978 0.0
1188 1049 0.0
1188 3428 0.0
1188 5979 0.0
1197 4899 0.0
1197 6067 0.0
1197 6092 0.0
1197 1920 0.0
1197 6094 0.0
1197 6536 0.0
1198 4900 0.0
1198 6069 0.0
1198 6096 0.0
1198 6099 0.0
1198 6100 0.0
1198 6101 0.0
1198 6102 0.0
1199 5873 0.0
1199 6103 0.0
1199 1925 0.0
1199 6105 0.0
1199 6546 0.0
1200 5868 0.0
1200 6107 0.0
1200 1924 0.0
1200 6109 0.0
1200 6544 0.0
1201 5878 0.0
1201 6111 0.0
1201 1923 0.0
1201 6113 0.0
1201 6542 0.0
1202 4901 0.0
1202 6072 0.0
1202 6115 0.0
1202 6118 0.0
1202 6119 0.0
1202 6120 0.0
1202 6121 0.0
1203 4902 0.0
1203 6065 0.0
1203 6122 0.0
1203 1928 0.0
1203 6124 0.0
1203 6552 0.0
1222 6126 0.0
1222 6127 0.0
1222 6128 0.0
1222 6129 0.0
1230 6174 0.0
1230 6175 0.0
1230 6176 0.0
1230 6177 0.0
1230 6178 0.0
1230 6179 0.0
1231 6180 0.0
1231 6181 0.0
1231 6182 0.0
1231 6183 0.0
1231 6184 0.0
1231 6185 0.0
1231 6186 0.0
1231 6187 0.0
1259 4489 0.0
1259 5051 0.0
1259 5154 0.0
1259 5148 0.0
1259 4475 0.0
1259 4482 0.0
1264 4453 0.0
1264 5638 0.0
1264 6053 0.0
1264 4456 0.0
1264 5637 0.0
1264 6055 0.0
1264 4459 0.0
1264 5633 0.0
1264 6057 0.0
1264 4462 0.0
1264 5634 0.0
1264 6059 0.0
1264 4465 0.0
1264 5635 0.0
1264 6061 0.0
1264 4468 0.0
1264 5636 0.0
1264 6063 0.0
1270 6202 0.0
1270 6203 0.0
1270 6204 0.0
1270 6205 0.0
1270 6206 0.0
1270 6207 0.0
1270 6208 0.0
1270 6209 0.0
1270 6210 0.0
1270 6211 0.0
1270 6212 0.0
1270 6213 0.0
1270 6214 0.0
1270 6215 0.0
1270 6216 0.0
1270 6217 0.0
1270 6218 0.0
1270 6220 0.0
1270 6221 0.0
1270 1813 0.0
1270 6070 0.0
1270 6219 0.0
1270 6222 0.0
1270 6224 0.0
1270 6225 0.0
1270 1811 0.0
1270 6073 0.0
1270 6223 0.0
1270 6174 0.0
1270 6226 0.0
1270 6227 0.0
1270 6228 0.0
1270 6229 0.0
1270 6180 0.0
1270 6230 0.0
1270 6231 0.0
1270 6232 0.0
1270 6233 0.0
1270 6181 0.0
1270 6234 0.0
1270 6235 0.0
1270 6236 0.0
1270 6237 0.0
1270 6175 0.0
1270 6238 0.0
1270 6239 0.0
1270 6240 0.0
1270 6241 0.0
1270 6182 0.0
1270 6242 0.0
1270 6243 0.0
1270 6244 0.0
1270 6245 0.0
1270 6183 0.0
1270 6246 0.0
1270 6247 0.0
1270 6248 0.0
1270 6249 0.0
1287 6202 0.0
1287 6226 0.0
1287 6250 0.0
1288 6214 0.0
1288 6238 0.0
1288 6251 0.0
1289 6210 0.0
1289 6222 0.0
1289 6234 0.0
1289 6246 0.0
1289 6252 0.0
1289 6253 0.0
1290 6206 0.0
1290 6218 0.0
1290 6230 0.0
1290 6242 0.0
1290 6254 0.0
1290 6255 0.0
1291 6092 0.0
1291 6176 0.0
1291 6256 0.0
1291 6257 0.0
1292 6096 0.0
1292 6184 0.0
1292 6258 0.0
1292 6259 0.0
1292 6260 0.0
1292 6261 0.0
1293 5879 0.0
1293 6111 0.0
1293 6262 0.0
1293 6263 0.0
1294 5869 0.0
1294 6107 0.0
1294 6264 0.0
1294 6265 0.0
1295 5874 0.0
1295 6103 0.0
1295 6266 0.0
1295 6267 0.0
1296 6115 0.0
1296 6185 0.0
1296 6268 0.0
1296 6269 0.0
1296 6270 0.0
1296 6271 0.0
1297 6122 0.0
1297 6177 0.0
1297 6272 0.0
1297 6273 0.0
1298 6126 0.0
1298 6231 0.0
1298 6254 0.0
1298 6274 0.0
1298 6276 0.0
1299 6127 0.0
1299 6235 0.0
1299 6252 0.0
1299 6277 0.0
1299 6279 0.0
1300 6128 0.0
1300 6239 0.0
1300 6243 0.0
1300 6251 0.0
1300 6255 0.0
1300 6280 0.0
1300 6283 0.0
1300 6284 0.0
1301 6129 0.0
1301 6227 0.0
1301 6247 0.0
1301 6250 0.0
1301 6253 0.0
1301 6285 0.0
1301 6288 0.0
1301 6289 0.0
1313 6299 0.0
1313 6300 0.0
1313 4203 0.0
1313 4922 0.0
1313 102 0.0
1313 1195 0.0
1313 3876 0.0
1313 3879 0.0
1313 6090 0.0
1314 6299 0.0
1314 6302 0.0
1314 4203 0.0
1314 4922 0.0
1314 101 0.0
1314 1192 0.0
1314 3870 0.0
1314 3873 0.0
1314 6087 0.0
1315 6299 0.0
1315 6304 0.0
1315 4203 0.0
1315 4922 0.0
1315 1193 0.0
1315 5206 0.0
1315 6088 0.0
1316 6299 0.0
1316 6306 0.0
1316 4203 0.0
1316 4922 0.0
1316 1190 0.0
1316 5202 0.0
1316 6085 0.0
1317 6299 0.0
1317 6308 0.0
1317 4203 0.0
1317 4922 0.0
1317 104 0.0
1317 1194 0.0
1317 3888 0.0
1317 3891 0.0
1317 6089 0.0
1318 6299 0.0
1318 6310 0.0
1318 4203 0.0
1318 4922 0.0
1318 103 0.0
1318 1196 0.0
1318 3882 0.0
1318 3885 0.0
1318 6091 0.0
1319 6299 0.0
1319 6312 0.0
1319 4203 0.0
1319 4922 0.0
1319 106 0.0
1319 1191 0.0
1319 3900 0.0
1319 3903 0.0
1319 6086 0.0
1320 6299 0.0
1320 6314 0.0
1320 4203 0.0
1320 4922 0.0
1320 105 0.0
1320 1189 0.0
1320 3894 0.0
1320 3897 0.0
1320 6084 0.0
1321 3464 0.0
1321 5726 0.0
1321 5810 0.0
1322 3464 0.0
1322 5727 0.0
1322 5811 0.0
1323 3464 0.0
1323 5728 0.0
1323 5812 0.0
1324 3464 0.0
1324 5729 0.0
1324 5813 0.0
1325 3464 0.0
1325 5730 0.0
1325 5814 0.0
1326 3464 0.0
1326 5731 0.0
1326 5815 0.0
1327 3464 0.0
1327 5732 0.0
1327 5816 0.0
1328 3464 0.0
1328 5733 0.0
1328 5817 0.0
1329 3521 0.0
1330 3521 0.0
1331 3521 0.0
1332 3521 0.0
1333 3521 0.0
1334 3521 0.0
1335 3521 0.0
1336 3521 0.0
1383 5018 0.0
1383 5883 0.0
1388 5018 0.0
1388 5893 0.0
1390 5018 0.0
1390 5897 0.0
1393 4529 0.0
1394 4703 0.0
1394 5104 0.0
1394 4683 0.0
1395 4708 0.0
1395 5104 0.0
1395 4683 0.0
1396 4709 0.0
1396 5104 0.0
1396 4683 0.0
1414 4704 0.0
1414 5104 0.0
1415 4710 0.0
1415 5104 0.0
1419 3410 0.0
1420 3410 0.0
1421 3410 0.0
1422 3410 0.0
1423 3410 0.0
1458 5524 0.0
1458 5525 0.0
1459 4129 0.0
1460 4129 0.0
1461 4129 0.0
1462 4129 0.0
1463 4129 0.0
1464 4129 0.0
1465 4129 0.0
1466 4129 0.0
1467 4129 0.0
1468 4129 0.0
1475 287 0.0
1475 3356 0.0
1475 3358 0.0
1475 4572 0.0
1475 4673 0.0
1475 4675 0.0
1475 6982 0.0
1475 288 0.0
1475 3357 0.0
1475 3359 0.0
1475 4561 0.0
1475 4676 0.0
1475 4678 0.0
1475 6983 0.0
1475 289 0.0
1475 3355 0.0
1475 3360 0.0
1475 4583 0.0
1475 4679 0.0
1475 4681 0.0
1475 6981 0.0
1529 5203 0.0
1530 5203 0.0
1544 5660 0.0
1544 5053 0.0
1545 4331 0.0
1545 5654 0.0
1545 5053 0.0
1546 5652 0.0
1546 5053 0.0
1547 4320 0.0
1547 5656 0.0
1547 5053 0.0
1548 5648 0.0
1548 5053 0.0
1549 4326 0.0
1549 5053 0.0
1563 5204 0.0
1564 5204 0.0
1621 4922 0.0
1621 3487 0.0
1622 4922 0.0
1622 3487 0.0
1623 4922 0.0
1623 3487 0.0
1624 4922 0.0
1624 3487 0.0
1625 4922 0.0
1625 3487 0.0
1626 4922 0.0
1626 3487 0.0
1627 4922 0.0
1627 3487 0.0
1628 4922 0.0
1628 3487 0.0
1643 4109 0.0
1643 302 0.0
1643 1585 0.0
1643 1766 0.0
1643 1869 0.0
1643 1955 0.0
1643 4713 0.0
1643 4759 0.0
1643 6422 0.0
1643 6443 0.0
1643 6488 0.0
1643 6520 0.0
1644 4109 0.0
1644 306 0.0
1644 1586 0.0
1644 1765 0.0
1644 1876 0.0
1644 1962 0.0
1644 4718 0.0
1644 4763 0.0
1644 6423 0.0
1644 6444 0.0
1644 6487 0.0
1644 6527 0.0
1645 4109 0.0
1645 303 0.0
1645 1589 0.0
1645 1767 0.0
1645 1873 0.0
1645 1958 0.0
1645 4733 0.0
1645 4760 0.0
1645 6426 0.0
1645 6445 0.0
1645 6489 0.0
1645 6524 0.0
1646 4109 0.0
1646 1762 0.0
1646 1870 0.0
1646 1961 0.0
1646 3978 0.0
1646 6446 0.0
1646 6484 0.0
1646 6521 0.0
1647 4109 0.0
1648 4109 0.0
1648 304 0.0
1648 1587 0.0
1648 1761 0.0
1648 1874 0.0
1648 1959 0.0
1648 4723 0.0
1648 4761 0.0
1648 6424 0.0
1648 6448 0.0
1648 6483 0.0
1648 6525 0.0
1649 4109 0.0
1649 305 0.0
1649 1588 0.0
1649 1764 0.0
1649 1875 0.0
1649 1960 0.0
1649 4728 0.0
1649 4762 0.0
1649 6425 0.0
1649 6449 0.0
1649 6486 0.0
1649 6526 0.0
1650 4109 0.0
1650 1763 0.0
1650 1871 0.0
1650 1956 0.0
1650 3987 0.0
1650 6450 0.0
1650 6485 0.0
1650 6522 0.0
1655 4106 0.0
1655 4778 0.0
1656 4106 0.0
1657 4106 0.0
1658 4106 0.0
1659 4106 0.0
1660 4106 0.0
1661 4106 0.0
1661 4779 0.0
1662 4106 0.0
1662 4768 0.0
1663 4106 0.0
1663 4769 0.0
224 4911 0.0
224 6178 0.0
224 4912 0.0
224 6179 0.0
224 4913 0.0
224 6186 0.0
224 4914 0.0
224 6187 0.0
1742 4529 0.0
1743 4529 0.0
1744 4529 0.0
1745 4529 0.0
1746 4529 0.0
224 4915 0.0
224 6490 0.0
224 4916 0.0
224 6491 0.0
224 4917 0.0
224 6492 0.0
224 6493 0.0
224 4918 0.0
224 6494 0.0
224 6495 0.0
1812 6068 0.0
1812 6074 0.0
1812 6203 0.0
1812 6211 0.0
1814 6066 0.0
1814 6071 0.0
1814 6207 0.0
1814 6215 0.0
1815 6204 0.0
1815 6208 0.0
1815 6490 0.0
1815 6494 0.0
1816 6212 0.0
1816 6216 0.0
1816 6491 0.0
1816 6492 0.0
1817 6220 0.0
1817 6224 0.0
1817 6493 0.0
1817 6495 0.0
1833 5053 0.0
1833 5051 0.0
1834 5053 0.0
1834 5051 0.0
1835 5053 0.0
1835 5051 0.0
1393 374 0.0
1393 1175 0.0
1393 1786 0.0
1393 3763 0.0
1393 5027 0.0
1393 5029 0.0
1393 6044 0.0
1393 2492 0.0
1393 6515 0.0
1393 6787 0.0
1393 6516 0.0
1393 375 0.0
1393 1177 0.0
1393 1787 0.0
1393 3787 0.0
1393 5030 0.0
1393 5032 0.0
1393 6046 0.0
1393 6517 0.0
1393 376 0.0
1393 1178 0.0
1393 1788 0.0
1393 3799 0.0
1393 5033 0.0
1393 5035 0.0
1393 6047 0.0
1393 6518 0.0
1393 372 0.0
1393 1174 0.0
1393 1784 0.0
1393 3751 0.0
1393 5021 0.0
1393 5023 0.0
1393 6043 0.0
1393 6519 0.0
1393 373 0.0
1393 1176 0.0
1393 1785 0.0
1393 3775 0.0
1393 5024 0.0
1393 5026 0.0
1393 6045 0.0
1892 5052 0.0
1892 5051 0.0
1893 5052 0.0
1893 5051 0.0
1894 5052 0.0
1894 5051 0.0
1895 5052 0.0
1895 5051 0.0
1896 5052 0.0
1896 5051 0.0
1899 6205 0.0
1899 6209 0.0
1899 6213 0.0
1899 6217 0.0
1899 6280 0.0
1899 6285 0.0
1900 6221 0.0
1900 6225 0.0
1900 6274 0.0
1900 6277 0.0
1921 6099 0.0
1921 6538 0.0
1921 6539 0.0
1922 6100 0.0
1922 6540 0.0
1922 6541 0.0
1926 6118 0.0
1926 6548 0.0
1926 6549 0.0
1927 6119 0.0
1927 6550 0.0
1927 6551 0.0
1942 3916 0.0
1943 3916 0.0
1944 5156 0.0
1944 5052 0.0
1945 5150 0.0
1945 5052 0.0
1946 6228 0.0
1946 6256 0.0
1946 2508 0.0
1946 6559 0.0
1946 6800 0.0
1947 6232 0.0
1947 6258 0.0
1947 6561 0.0
1947 6562 0.0
1948 5880 0.0
1948 6262 0.0
1948 2510 0.0
1948 6563 0.0
1948 6803 0.0
1949 5870 0.0
1949 6264 0.0
1949 2511 0.0
1949 6565 0.0
1949 6804 0.0
1950 5875 0.0
1950 6266 0.0
1950 2512 0.0
1950 6567 0.0
1950 6805 0.0
1951 6236 0.0
1951 6268 0.0
1951 6569 0.0
1951 6570 0.0
1952 6240 0.0
1952 6272 0.0
1952 2507 0.0
1952 6571 0.0
1952 6799 0.0
1953 6244 0.0
1953 6259 0.0
1953 6573 0.0
1953 6574 0.0
1954 6248 0.0
1954 6269 0.0
1954 6575 0.0
1954 6576 0.0
1975 6299 0.0
1975 4922 0.0
1976 6299 0.0
1976 4922 0.0
1977 6299 0.0
1977 4922 0.0
1978 6299 0.0
1978 4922 0.0
1979 6299 0.0
1979 4922 0.0
1980 6299 0.0
1980 4922 0.0
1981 6299 0.0
1981 4922 0.0
1982 6299 0.0
1982 4922 0.0
1983 5377 0.0
1983 4922 0.0
1984 5443 0.0
1984 4922 0.0
1985 5388 0.0
1985 4922 0.0
1986 5432 0.0
1986 4922 0.0
1987 5454 0.0
1987 4922 0.0
1988 5410 0.0
1988 4922 0.0
1989 5399 0.0
1989 4922 0.0
1990 5421 0.0
1990 4922 0.0
1999 6306 0.0
1999 4922 0.0
2000 6304 0.0
2000 4922 0.0
2001 6300 0.0
2001 4922 0.0
2002 6302 0.0
2002 4922 0.0
2003 6308 0.0
2003 4922 0.0
2004 6310 0.0
2004 4922 0.0
2005 6312 0.0
2005 4922 0.0
2006 6314 0.0
2006 4922 0.0
2007 4203 0.0
2008 4203 0.0
2009 4203 0.0
2010 4203 0.0
2011 4203 0.0
2012 4203 0.0
2013 4203 0.0
2014 4203 0.0
2019 4109 0.0
2020 4109 0.0
2021 4109 0.0
2022 4109 0.0
2023 4109 0.0
2024 4109 0.0
2025 4109 0.0
2026 4109 0.0
2035 5157 0.0
2035 5052 0.0
2036 5151 0.0
2036 5052 0.0
2037 4109 0.0
2037 1967 0.0
2037 1991 0.0
2037 4851 0.0
2037 6579 0.0
2037 6580 0.0
2038 4109 0.0
2038 1968 0.0
2038 1992 0.0
2038 4841 0.0
2038 6581 0.0
2038 6582 0.0
2039 4109 0.0
2039 1969 0.0
2039 1993 0.0
2039 4846 0.0
2039 6583 0.0
2039 6584 0.0
2040 4109 0.0
2040 1970 0.0
2040 1994 0.0
2040 4831 0.0
2040 6585 0.0
2040 6586 0.0
2041 4109 0.0
2041 4782 0.0
2042 4109 0.0
2042 4783 0.0
2043 4109 0.0
2043 4772 0.0
2044 4109 0.0
2044 4773 0.0
2045 4109 0.0
2045 1971 0.0
2045 1995 0.0
2045 4857 0.0
2045 6587 0.0
2045 6588 0.0
2046 4109 0.0
2046 1972 0.0
2046 1996 0.0
2046 4868 0.0
2046 6589 0.0
2046 6590 0.0
2047 4109 0.0
2047 1973 0.0
2047 1997 0.0
2047 4863 0.0
2047 6591 0.0
2047 6592 0.0
2048 4109 0.0
2048 1974 0.0
2048 1998 0.0
2048 4836 0.0
2048 6593 0.0
2048 6594 0.0
2078 5389 0.0
2078 4922 0.0
2079 5433 0.0
2079 4922 0.0
2080 5455 0.0
2080 4922 0.0
2081 5400 0.0
2081 4922 0.0
2082 5411 0.0
2082 4922 0.0
2083 4922 0.0
2083 6613 0.0
2083 6299 0.0
2084 5422 0.0
2084 4922 0.0
2085 4922 0.0
2085 6615 0.0
2085 6299 0.0
2086 4922 0.0
2086 6616 0.0
2086 6299 0.0
2087 4922 0.0
2087 6617 0.0
2087 6299 0.0
2088 4922 0.0
2088 6618 0.0
2088 6299 0.0
2089 4922 0.0
2089 6619 0.0
2089 6299 0.0
2090 4922 0.0
2090 6620 0.0
2090 6299 0.0
2091 4922 0.0
2091 6621 0.0
2091 6299 0.0
2092 5378 0.0
2092 4922 0.0
2093 5444 0.0
2093 4922 0.0
2094 4203 0.0
2095 4203 0.0
2096 4203 0.0
2097 4203 0.0
2098 4203 0.0
2099 4203 0.0
2100 4203 0.0
2101 4203 0.0
2133 6613 0.0
2133 6299 0.0
2135 6615 0.0
2135 6299 0.0
2136 6616 0.0
2136 6299 0.0
2137 6617 0.0
2137 6299 0.0
2138 6618 0.0
2138 6299 0.0
2139 6619 0.0
2139 6299 0.0
2140 6620 0.0
2140 6299 0.0
2141 6621 0.0
2141 6299 0.0
2144 3487 0.0
2145 3487 0.0
2146 3487 0.0
2147 3487 0.0
2148 3487 0.0
2149 3487 0.0
2150 3487 0.0
2151 3487 0.0
224 4508 0.0
224 4750 0.0
224 5500 0.0
224 4505 0.0
224 4743 0.0
224 5497 0.0
224 4499 0.0
224 4757 0.0
224 5503 0.0
224 4493 0.0
224 4496 0.0
224 5494 0.0
224 4502 0.0
2250 4722 0.0
2250 5504 0.0
2250 5774 0.0
2251 4727 0.0
2251 5501 0.0
2251 5776 0.0
2252 4732 0.0
2252 5498 0.0
2252 5778 0.0
2308 5018 0.0
2309 5018 0.0
2310 5018 0.0
2478 3450 0.0
2479 3450 0.0
2480 3450 0.0
2481 3450 0.0
2482 3450 0.0
98 2492 0.0
98 6515 0.0
98 6787 0.0
98 6788 0.0
98 6789 0.0
98 6790 0.0
98 6791 0.0
2490 6518 0.0
2490 6788 0.0
2490 2487 0.0
2490 6792 0.0
2490 6793 0.0
2491 6519 0.0
2491 6790 0.0
2491 2488 0.0
2491 6794 0.0
2491 6795 0.0
2493 6516 0.0
2493 6789 0.0
2493 2487 0.0
2493 6792 0.0
2493 6793 0.0
2494 6517 0.0
2494 6791 0.0
2494 2488 0.0
2494 6794 0.0
2494 6795 0.0
2495 5053 0.0
2495 5051 0.0
2496 5053 0.0
2496 5051 0.0
2497 5053 0.0
2497 5051 0.0
2498 5053 0.0
2498 5051 0.0
2499 5053 0.0
2499 5051 0.0
2500 5053 0.0
2501 5053 0.0
2502 5053 0.0
2503 5053 0.0
2504 5053 0.0
2505 5053 0.0
2506 6569 0.0
2506 6575 0.0
2506 6797 0.0
2506 6798 0.0
2509 6561 0.0
2509 6573 0.0
2509 6801 0.0
2509 6802 0.0
2561 5204 0.0
2561 5644 0.0
2562 5204 0.0
2562 5641 0.0
2577 4922 0.0
2577 6299 0.0
2577 6814 0.0
2578 4922 0.0
2578 6299 0.0
2578 6815 0.0
2579 4922 0.0
2579 6299 0.0
2579 6816 0.0
2580 4922 0.0
2580 6299 0.0
2580 6817 0.0
2581 4922 0.0
2581 6299 0.0
2581 6818 0.0
2582 4922 0.0
2582 6299 0.0
2582 6819 0.0
2583 4922 0.0
2583 6299 0.0
2583 6820 0.0
2584 4922 0.0
2584 6299 0.0
2584 6821 0.0
2585 6299 0.0
2585 6814 0.0
2586 6299 0.0
2586 6815 0.0
2587 6299 0.0
2587 6816 0.0
2588 6299 0.0
2588 6817 0.0
2589 6299 0.0
2589 6818 0.0
2590 6299 0.0
2590 6819 0.0
2591 6299 0.0
2591 6820 0.0
2592 6299 0.0
2592 6821 0.0
2692 4129 0.0
2693 4129 0.0
2694 4129 0.0
2695 4129 0.0
2696 4129 0.0
2697 4129 0.0
2698 4129 0.0
2699 4129 0.0
2700 4129 0.0
2701 4129 0.0
2720 6270 0.0
2720 6548 0.0
2720 6797 0.0
2721 6271 0.0
2721 6550 0.0
2721 6798 0.0
2722 6273 0.0
2722 2507 0.0
2722 6571 0.0
2722 6799 0.0
2722 1928 0.0
2722 6124 0.0
2722 6552 0.0
2723 6263 0.0
2723 2510 0.0
2723 6563 0.0
2723 6803 0.0
2723 1923 0.0
2723 6113 0.0
2723 6542 0.0
2724 6265 0.0
2724 2511 0.0
2724 6565 0.0
2724 6804 0.0
2724 1924 0.0
2724 6109 0.0
2724 6544 0.0
2725 6267 0.0
2725 2512 0.0
2725 6567 0.0
2725 6805 0.0
2725 1925 0.0
2725 6105 0.0
2725 6546 0.0
2726 6257 0.0
2726 2508 0.0
2726 6559 0.0
2726 6800 0.0
2726 1920 0.0
2726 6094 0.0
2726 6536 0.0
2727 6260 0.0
2727 6538 0.0
2727 6801 0.0
2728 6261 0.0
2728 6540 0.0
2728 6802 0.0
2729 6237 0.0
2729 6245 0.0
2729 6279 0.0
2729 6283 0.0
2730 6229 0.0
2730 6241 0.0
2730 6284 0.0
2730 6288 0.0
2731 6233 0.0
2731 6249 0.0
2731 6276 0.0
2731 6289 0.0
2732 6549 0.0
2732 6551 0.0
2732 6853 0.0
2732 6854 0.0
2735 6539 0.0
2735 6541 0.0
2735 6857 0.0
2735 6858 0.0
2740 6101 0.0
2740 6562 0.0
2740 6857 0.0
2744 6120 0.0
2744 6570 0.0
2744 6853 0.0
2746 6102 0.0
2746 6574 0.0
2746 6858 0.0
2747 6121 0.0
2747 6576 0.0
2747 6854 0.0
2748 4129 0.0
2749 4129 0.0
2750 4129 0.0
2751 4129 0.0
2752 4129 0.0
2753 4129 0.0
2754 4129 0.0
2755 4129 0.0
2756 4129 0.0
2757 4129 0.0
2762 3411 0.0
2763 3411 0.0
2764 3411 0.0
2765 3411 0.0
2766 3411 0.0
2767 3411 0.0
2768 3411 0.0
2769 3411 0.0
2770 3411 0.0
2771 3411 0.0
2772 3411 0.0
2773 3411 0.0
2774 3411 0.0
2775 3411 0.0
2776 3411 0.0
2777 3411 0.0
2778 3411 0.0
2779 3411 0.0
2780 3411 0.0
2781 3411 0.0
2782 3411 0.0
2783 3411 0.0
2784 3411 0.0
2785 3411 0.0
2786 3411 0.0
2787 3411 0.0
2805 4129 0.0
2806 4129 0.0
2807 4129 0.0
2808 4129 0.0
2809 4129 0.0
2810 4129 0.0
2811 4129 0.0
2812 4129 0.0
2813 4129 0.0
2814 4129 0.0
2815 4129 0.0
2816 4129 0.0
2817 4129 0.0
2818 4129 0.0
2819 4129 0.0
2820 4129 0.0
2821 4129 0.0
2822 4129 0.0
2823 4129 0.0
2824 4129 0.0
2825 4129 0.0
2826 4129 0.0
2827 4129 0.0
2828 4129 0.0
2829 4129 0.0
2830 4129 0.0
2831 4129 0.0
2832 4129 0.0
2833 4129 0.0
2834 4129 0.0
2835 4129 0.0
2836 4129 0.0
2837 4129 0.0
2838 4129 0.0
2839 4129 0.0
2840 4129 0.0
2841 4129 0.0
2842 4129 0.0
2843 4129 0.0
2844 4129 0.0
2845 4129 0.0
2846 4129 0.0
2847 4129 0.0
2848 4129 0.0
2849 4129 0.0
2850 4129 0.0
2851 4129 0.0
2852 4129 0.0
2853 4129 0.0
2854 4129 0.0
2855 4129 0.0
2856 4129 0.0
2857 4129 0.0
2858 4129 0.0
2859 4129 0.0
2860 4129 0.0
2861 4129 0.0
2862 4129 0.0
2863 4129 0.0
2864 4129 0.0
2865 4129 0.0
2866 4129 0.0
2867 4129 0.0
2868 4129 0.0
2869 4129 0.0
2870 4129 0.0
2871 4129 0.0
2872 4129 0.0
2873 4129 0.0
2874 4129 0.0
2889 4129 0.0
2890 4129 0.0
2891 4129 0.0
2892 4129 0.0
2893 4129 0.0
2894 4129 0.0
2895 4129 0.0
2896 4129 0.0
2897 4129 0.0
2898 4129 0.0
2899 4129 0.0
2900 4129 0.0
2901 4129 0.0
2902 4129 0.0
2903 4129 0.0
2904 4129 0.0
2905 4129 0.0
2906 4129 0.0
2907 4129 0.0
2908 4129 0.0
2909 4129 0.0
2910 4129 0.0
2911 4129 0.0
2912 4129 0.0
2913 4129 0.0
2914 4129 0.0
2915 4129 0.0
2916 4129 0.0
2917 4129 0.0
2918 4129 0.0
2919 4129 0.0
2920 4129 0.0
2921 4129 0.0
2922 4129 0.0
2923 4129 0.0
2924 4129 0.0
2925 4129 0.0
2926 4129 0.0
2927 4129 0.0
2928 4129 0.0
2929 4129 0.0
2930 4129 0.0
2931 4129 0.0
2932 4129 0.0
2933 4129 0.0
2934 4129 0.0
2935 4129 0.0
2936 4129 0.0
2937 4129 0.0
2938 4129 0.0
2939 4129 0.0
2940 4129 0.0
2941 4129 0.0
2942 4129 0.0
2943 4129 0.0
2944 4129 0.0
2945 4129 0.0
2946 4129 0.0
2947 4129 0.0
2948 4129 0.0
2949 4129 0.0
2950 4129 0.0
2951 4129 0.0
2952 4129 0.0
2953 4129 0.0
2954 4129 0.0
2955 4129 0.0
2956 4129 0.0
2957 4129 0.0
2958 4129 0.0
2959 4129 0.0
2960 4129 0.0
2961 4129 0.0
2962 4129 0.0
2963 4129 0.0
2964 4129 0.0
2965 4129 0.0
2966 4129 0.0
2967 4129 0.0
2968 4129 0.0
2969 4129 0.0
2970 4129 0.0
2971 4129 0.0
2972 4129 0.0
2973 4129 0.0
2974 4129 0.0
2975 4129 0.0
2976 4129 0.0
2977 4129 0.0
2978 4129 0.0
2979 4129 0.0
2980 4129 0.0
2981 4129 0.0
2982 4129 0.0
2983 4129 0.0
2984 4129 0.0
2985 4129 0.0
2986 4129 0.0
2987 4129 0.0
2988 4129 0.0
2989 4129 0.0
2990 4129 0.0
2991 4129 0.0
2992 4129 0.0
2993 4129 0.0
2994 4129 0.0
2995 4129 0.0
2996 4129 0.0
2997 4129 0.0
2998 4129 0.0
2999 4129 0.0
3000 4129 0.0
3001 4129 0.0
3002 4129 0.0
3003 4129 0.0
3004 4129 0.0
3005 4129 0.0
3006 4129 0.0
3007 4129 0.0
3008 4129 0.0
3299 3411 0.0
3300 3411 0.0
3301 3411 0.0
3302 3411 0.0
3303 3411 0.0
3304 3411 0.0
3305 3411 0.0
3306 3411 0.0
3307 3411 0.0
3308 3411 0.0
3309 3411 0.0
3310 3411 0.0
3311 3411 0.0
3320 3381 0.0
3321 3381 0.0
3322 3381 0.0
3323 3381 0.0
3324 3381 0.0
3325 3381 0.0
3326 3381 0.0
3327 3381 0.0
3328 3381 0.0
3329 3381 0.0
3330 3381 0.0
3331 3381 0.0
3332 3381 0.0
3333 3381 0.0
3334 3381 0.0
3335 3381 0.0
