1 757 -0.627489510016101
1 758 -0.583750159722407
2 759 -0.708049463797088
3 127 -0.689803230399624
3 760 -0.70871272911112
3 761 -0.70871272911112
4 5 -0.651591273145611
4 38 -0.636180359604208
4 98 -0.701411106939987
4 762 -0.638475580815128
5 87 -0.700255202723888
5 112 -0.700255202723888
6 7 -0.690928617995401
6 14 -0.667225780908612
6 18 -0.705966081896495
6 39 -0.595989175501394
6 763 -0.667225780908612
6 764 -0.636631787402621
6 265 -0.710853504536423
6 765 -0.713179987508778
6 766 -0.713179987508778
6 767 -0.700215300557529
6 768 -0.690928617995401
6 570 -0.700215300557529
7 13 2.95991771881294
7 44 -0.544599967607327
7 133 -0.688601027674083
7 157 2.0190274474639
7 168 -0.710143840672886
7 384 -0.688601027674083
7 450 0.445936659748131
7 769 -0.688601027674083
7 770 -0.688601027674083
7 771 -0.688601027674083
7 772 -0.688601027674083
7 773 -0.688601027674083
7 774 2.0190274474639
7 775 -0.688601027674083
7 706 -0.688601027674083
7 710 -0.688601027674083
7 714 -0.688601027674083
7 776 -0.688601027674083
7 777 -0.688601027674083
7 718 -0.688601027674083
7 778 -0.688601027674083
8 9 -0.668974971614786
8 26 -0.583750159722407
8 33 -0.663660660085457
8 158 -0.711409137568161
8 179 -0.713152797876029
8 228 -0.707832407046442
8 388 -0.583750159722407
8 779 -0.68869378905257
8 780 -0.704577679480397
8 781 -0.713152797876029
8 782 -0.696739081650004
8 783 -0.583750159722407
8 602 -0.713152797876029
8 784 -0.713152797876029
8 785 -0.583750159722407
8 786 -0.713152797876029
8 659 -0.704451096941378
8 787 -0.712340642985315
8 788 -0.704451096941378
9 49 -0.673274431111334
9 146 -0.263536122364102
9 789 -0.692778684658454
9 790 -0.712828468823693
9 791 -0.699676586990021
9 792 -0.699676586990021
9 548 -0.673274431111334
10 27 -0.708306706989307
10 58 -0.704237940571686
10 95 -0.707570021463811
11 47 -0.662536949163603
11 50 -0.663336124636761
11 793 -0.662536949163603
11 794 -0.646969009783151
11 795 -0.699281336708743
11 243 -0.706610119320531
11 295 -0.652940234361277
11 550 -0.697346943148189
11 796 -0.646969009783151
12 797 -0.708675834233636
12 200 -0.684264199200959
12 798 -0.705303243739655
13 45 -0.692778684658454
13 799 -0.708477284379808
13 800 -0.713224371349997
13 801 -0.70748212747165
13 489 -0.710143840672886
14 25 -0.691259781115204
14 39 -0.70369313219459
14 763 -0.696630527259938
14 90 1.35967860811859
14 141 -0.697238912695515
14 802 -0.712828468823693
15 26 -0.708331789601864
15 34 -0.701519087807791
15 185 -0.681134130142677
15 803 -0.707090850561458
15 309 -0.713123850432338
15 804 -0.702216018149295
15 805 -0.711047457820669
15 447 -0.707517718547358
15 806 -0.702216018149295
16 374 -0.695958093232589
17 133 0.759058168507809
18 54 -0.709656791035833
18 259 -0.679683686649243
19 49 -0.706656718786118
19 70 -0.699828942699055
19 117 -0.687772636192887
20 111 -0.708306706989307
20 227 -0.500042822103875
20 807 -0.696277548795709
21 808 -0.583750159722407
22 809 -0.709563181261883
23 810 -0.692213324299901
23 811 -0.706311268284111
24 92 -0.711503599148596
24 812 -0.591135107205155
25 55 -0.711409137568161
25 84 -0.710187116872668
25 813 -0.710867505848542
25 274 -0.711409137568161
25 814 -0.699561181681102
25 815 -0.689550595784949
25 816 -0.68580276197115
25 817 -0.711680555795834
25 818 -0.679495217164595
26 819 -0.674345633131975
26 228 -0.708331789601864
26 271 -0.702604315026209
26 804 -0.583750159722407
26 388 -0.666332908394633
26 820 -0.68476162227392
26 821 -0.705166519400355
26 822 -0.704359896421076
26 649 -0.666332908394633
26 823 -0.666332908394633
26 824 -0.666332908394633
26 825 -0.666332908394633
26 826 -0.666332908394633
26 827 -0.666332908394633
26 828 -0.666332908394633
26 829 -0.666332908394633
26 830 -0.666332908394633
26 831 -0.666332908394633
26 832 -0.666332908394633
26 833 -0.666332908394633
26 834 -0.666332908394633
26 835 -0.666332908394633
26 677 -0.666332908394633
26 836 -0.666332908394633
26 837 -0.666332908394633
26 838 -0.666332908394633
26 839 -0.666332908394633
26 840 -0.666332908394633
27 794 -0.711301084507476
28 841 -0.692647100272907
28 842 -0.702307726917425
29 119 -0.674459647283202
29 271 -0.702604315026209
29 843 -0.704284742679292
29 564 -0.704284742679292
29 844 -0.704284742679292
29 683 -0.696369485554672
30 845 -0.68920292061781
30 842 -0.709639875606801
31 846 -0.668568537016052
32 40 -0.692449626924895
32 847 -0.692449626924895
32 154 -0.711136795731763
32 803 -0.707090850561458
32 848 -0.713344770512048
33 97 -0.710867505848542
33 166 -0.708953372945758
33 790 -0.700215300557529
33 385 -0.710364387053851
33 414 -0.663660660085457
34 54 -0.704082938601064
34 849 -0.704082938601064
34 267 -0.713229270404699
34 850 -0.704082938601064
34 851 -0.711599720285074
34 852 -0.667951047772526
34 853 -0.671434258232661
34 854 -0.701519087807791
34 855 -0.704082938601064
34 623 -0.711599720285074
35 856 -0.692387309768516
36 857 -0.710309369249674
36 768 -0.690928617995401
36 548 -0.673274431111334
36 858 -0.67271310101767
36 692 -0.699933362367302
36 693 -0.699933362367302
36 694 -0.699933362367302
37 93 -0.692778684658454
37 859 -0.705444422578016
38 87 -0.710756833674301
38 392 -0.698392791781176
39 221 -0.685776025794442
40 75 -0.625758304540809
40 289 -0.668974971614786
40 860 -0.668974971614786
41 861 -0.710088924078879
41 862 -0.70189132172726
42 863 -0.691259781115204
42 864 -0.710088924078879
42 865 -0.673852799838987
42 866 -0.707184496888209
43 867 -0.710088924078879
43 868 -0.691259781115204
43 320 -0.697272471972522
43 869 -0.692707634828574
44 133 0.759058168507809
44 141 -0.544599967607327
44 298 0.445936659748131
45 870 -0.705444422578016
45 871 -0.712041883145
45 517 -0.713586931737829
46 50 -0.696305687908467
46 52 -0.663336124636761
46 67 -0.700477224014921
46 138 -0.710041604197891
46 139 -0.67271310101767
46 166 -0.695815146016486
46 872 -0.700996859577236
46 873 -0.409637253845224
47 52 -0.662536949163603
47 193 -0.697346943148189
48 874 -0.690674054675471
48 875 -0.710880715338946
49 876 -0.712871629742134
50 58 -0.685691937244237
50 877 -0.659229996277466
50 452 -0.707067459880381
51 63 -0.666296253379885
51 65 -0.699592294244587
51 878 -0.706565569382689
51 229 -0.7096679197639
51 231 -0.703745839529862
51 306 -0.7096679197639
51 879 -0.711798519036546
52 243 -0.713087231356153
52 880 -0.704519845691517
53 881 -0.70921382480694
53 302 -0.689613327785006
54 228 -0.669583560172242
54 265 -0.691259781115204
54 804 -0.702216018149295
54 882 -0.699894929470809
54 883 -0.705386426769691
54 822 -0.704359896421076
54 630 -0.546927491752986
54 884 -0.546927491752986
55 885 -0.691335321044355
55 886 -0.703429570402505
55 887 -0.692778684658454
56 888 2.95991771881294
56 889 -0.680338194432641
56 260 -0.702337172402791
56 890 -0.710160920420364
56 425 2.0190274474639
56 891 -0.709418011946008
56 892 -0.709418011946008
57 81 -0.697529873676884
57 119 -0.674459647283202
57 179 -0.637616568021384
57 893 -0.710756833674301
57 894 -0.707517718547358
57 895 -0.637616568021384
57 786 -0.713152797876029
58 896 -0.425386290462666
59 897 -0.692210771589812
60 844 -0.704284742679292
61 157 -0.706100872280965
61 168 -0.710143840672886
61 898 -0.705378643810266
61 899 -0.636631787402621
62 900 -0.706948354844376
62 218 -0.690739150003452
62 901 -0.682070497327664
62 902 -0.656283913259494
62 472 -0.685890149981893
63 67 -0.67177003270658
63 903 -0.679816268721531
63 872 0.329966543241974
63 186 0.329966543241974
63 880 0.329966543241974
63 428 -0.711847058294227
64 89 -0.498118082448466
64 904 -0.705444422578016
64 905 -0.704923827661703
64 229 -0.7096679197639
65 183 -0.690819627697768
65 209 -0.705696667523639
65 906 -0.688759339747568
65 373 -0.688759339747568
65 907 -0.697346943148189
66 68 -0.709340497875046
66 110 -0.700675130021428
66 908 -0.706565569382689
66 909 -0.67271310101767
67 116 -0.67271310101767
67 121 -0.666994404006868
67 872 0.329966543241974
67 871 -0.712041883145
68 414 -0.663660660085457
69 910 -0.706311268284111
69 492 -0.70594550231926
69 493 -0.70594550231926
69 499 -0.70594550231926
69 507 -0.70594550231926
69 811 -0.706311268284111
70 763 -0.681852307823113
70 766 -0.713179987508778
70 816 -0.707823450716717
70 818 -0.707823450716717
71 118 -0.682676279328716
71 911 -0.699112217274904
72 794 -0.646969009783151
72 912 -0.698784647226678
72 193 -0.697346943148189
72 913 -0.697346943148189
72 316 -0.646969009783151
72 914 -0.697346943148189
72 915 -0.706610119320531
72 397 -0.708078130680527
72 916 -0.697346943148189
72 521 -0.646969009783151
72 917 -0.697346943148189
72 918 -0.697346943148189
72 907 -0.697346943148189
72 550 -0.697346943148189
72 919 -0.697346943148189
72 920 -0.646969009783151
72 921 -0.697346943148189
72 922 -0.697346943148189
72 923 -0.646969009783151
73 136 -0.707576043433601
74 120 0.562851146387349
74 924 0.854380976367128
74 925 -0.677036542230606
74 187 0.854380976367128
74 926 1.06517695093972
74 927 -0.705599545620167
74 928 -0.700795001658206
75 149 -0.688509098191384
76 886 -0.703429570402505
76 929 -0.710088924078879
76 930 -0.703429570402505
76 931 -0.705327391041449
77 257 -0.702337172402791
77 932 -0.680338194432641
78 933 -0.685338931477213
78 296 -0.691326723449326
78 913 -0.697346943148189
78 934 -0.685338931477213
78 452 -0.685338931477213
79 169 -0.713581764405522
79 216 -0.69532831424571
79 935 -0.659427966766776
79 936 -0.711494781290661
79 937 -0.713512720078402
79 938 -0.713512720078402
80 102 -0.682676279328716
80 693 -0.699933362367302
81 179 -0.699774168449814
81 893 -0.561887357850629
81 894 -0.674459647283202
82 98 -0.70254939131589
82 112 -0.692210771589812
82 208 -0.692210771589812
83 286 -0.593722479321579
83 939 -0.708264678499857
83 782 -0.700011093781956
84 430 -0.69988631203794
85 188 -0.709112356849697
85 940 -0.692210771589812
86 126 -0.147553161904679
86 853 -0.671434258232661
86 941 -0.684208924352249
86 942 -0.702337172402791
86 699 0.759058168507809
87 849 -0.704082938601064
87 850 -0.704082938601064
88 449 -0.711845261141292
88 943 -0.711845261141292
88 944 -0.711845261141292
88 945 -0.711845261141292
89 93 0.199204540988086
89 114 0.199204540988086
89 180 -0.498118082448466
89 225 -0.707451163270426
89 229 -0.673000809996248
89 327 0.199204540988086
89 946 0.199204540988086
89 620 0.199204540988086
90 146 -0.695552789297499
90 947 -0.695552789297499
90 787 -0.712340642985315
91 138 -0.663336124636761
91 948 -0.70936197833483
91 949 -0.70936197833483
91 918 -0.697346943148189
92 950 -0.683584071541486
93 108 -0.65646252025958
93 165 0.199204540988086
93 183 -0.115073843958075
93 225 -0.115073843958075
93 266 0.199204540988086
93 906 -0.688759339747568
93 951 -0.621885757415634
93 373 -0.688759339747568
93 946 -0.673000809996248
93 952 -0.673000809996248
93 953 -0.673000809996248
93 954 -0.673000809996248
93 955 -0.65646252025958
93 956 -0.65646252025958
94 183 -0.115073843958075
94 906 -0.115073843958075
94 957 -0.631430349942157
94 958 -0.709193817106338
95 959 -0.711544780865392
96 130 -0.711503599148596
97 813 -0.710867505848542
98 762 -0.688509098191384
98 460 -0.70254939131589
99 115 -0.668918058407542
100 321 -0.713224371349997
100 960 -0.708477284379808
101 961 -0.706610119320531
102 962 -0.712962013735126
103 288 1.8813733429222
103 963 2.13407234757121
103 964 -0.621885757415634
103 965 -0.712885661292785
104 966 -0.696360123180495
105 163 -0.701827586461207
105 165 -0.498118082448466
105 306 -0.7096679197639
105 504 -0.498118082448466
106 967 -0.705696667523639
106 968 -0.661133095301609
106 519 -0.661133095301609
106 592 -0.661133095301609
106 969 -0.661133095301609
106 970 -0.683102192750532
107 971 -0.48151465540986
108 151 -0.632134724725518
108 207 -0.68854344703645
108 295 -0.652940234361277
108 397 -0.708078130680527
108 972 -0.397315234778862
109 121 -0.425386290462666
109 221 -0.6692311358367
109 973 -0.701925732128704
109 974 -0.706089582390322
110 116 -0.704301689284164
110 162 -0.632290978775569
111 975 -0.696277548795709
112 976 -0.698865134966056
112 571 -0.700255202723888
113 977 -0.696687776478808
114 978 -0.707428062096716
115 298 0.445936659748131
115 450 0.445936659748131
115 533 0.445936659748131
115 575 0.445936659748131
115 579 0.445936659748131
115 581 0.445936659748131
115 583 0.445936659748131
115 587 0.445936659748131
115 589 0.759058168507809
116 145 -0.702562189801105
117 158 -0.691335321044355
118 692 -0.699933362367302
119 894 -0.674459647283202
119 602 -0.713152797876029
120 979 -0.712460424569357
121 973 -0.701925732128704
122 980 -0.692210771589812
122 981 -0.692210771589812
123 194 -0.711409137568161
123 982 -0.707090850561458
123 983 -0.583750159722407
124 984 -0.713087231356153
125 985 -0.697529873676884
126 589 0.445936659748131
126 986 -0.667042997424055
127 148 -0.70871272911112
127 202 -0.70871272911112
128 292 -0.704522561853238
128 987 -0.692210771589812
129 820 -0.705166519400355
130 209 -0.692778684658454
131 988 -0.706610119320531
132 976 -0.692210771589812
132 989 -0.692210771589812
133 224 -0.65324952125347
133 279 -0.0178632042872128
133 990 -0.711633623714591
134 137 -0.701989827537432
134 991 -0.699325547384551
135 180 -0.67032622295289
135 296 -0.691326723449326
135 879 -0.711798519036546
136 227 -0.710876430190359
136 500 -0.320892333004774
136 515 -0.320892333004774
136 992 -0.320892333004774
136 993 -0.320892333004774
136 613 -0.320892333004774
136 614 -0.320892333004774
136 994 -0.702399401892389
137 440 -0.713235438734311
138 881 -0.693973088035733
139 186 0.329966543241974
139 909 -0.700477224014921
140 203 -0.713107320830645
140 995 -0.687177850838189
141 889 -0.705611845686373
141 996 -0.690174727214671
142 159 -0.713344088758564
142 997 -0.70792357723853
143 803 -0.710764200824871
143 998 -0.696012052125537
144 905 -0.627317709958327
145 961 -0.713087231356153
146 947 -0.695552789297499
147 961 -0.703024752352178
148 760 -0.689803230399624
149 999 -0.688509098191384
149 1000 -0.691302880990542
150 941 -0.684208924352249
151 1001 -0.397315234778862
152 201 -0.673274431111334
152 1002 -0.712539071223486
153 302 -0.704298791871821
153 1003 -0.706810072484339
153 1004 -0.704298791871821
154 815 -0.689550595784949
154 1005 -0.702677478374138
155 1006 -0.700215300557529
155 843 -0.704284742679292
156 166 -0.663336124636761
156 1007 -0.712671567322252
157 168 2.23795888885571
157 1008 -0.65324952125347
158 1009 -0.692778684658454
158 930 -0.703429570402505
158 1010 -0.707090850561458
159 813 -0.710867505848542
160 1011 -0.704284893521571
161 1012 -0.704359896421076
162 877 -0.706770438793292
163 1013 -0.70115075660807
163 1001 -0.70115075660807
164 293 -0.703232641418894
165 180 -0.498118082448466
165 225 -0.631430349942157
165 1014 -0.705604633115319
165 852 -0.667951047772526
165 953 0.199204540988086
166 169 -0.692555004597087
167 444 -0.710088924078879
168 181 1.89399568151758
169 807 -0.713101202678613
170 951 -0.621885757415634
171 190 -0.306115770357569
172 1015 -0.692210771589812
173 174 -0.661868528980073
174 1016 -0.704493462207985
175 1017 -0.711016044909588
175 1018 -0.713543168376591
175 1019 -0.712908531072561
176 230 -0.682676279328716
176 1020 -0.701663236120416
177 439 -0.687177850838189
178 195 2.04284538013422
178 1021 -0.707428062096716
178 1022 -0.646320211760265
179 895 -0.637616568021384
179 1023 -0.713152797876029
180 225 -0.397315234778862
180 231 -0.668918058407542
181 281 0.178108868381422
182 1024 -0.708486098856516
183 225 -0.115073843958075
184 211 -0.669513679022951
184 1025 -0.709199587290339
185 264 -0.711621184092263
186 909 -0.700996859577236
187 238 2.23994892343845
187 927 -0.705599545620167
187 1026 -0.711826177251916
188 940 -0.709218361130828
189 1027 -0.0178632042872128
190 1028 -0.704284893521571
190 1029 -0.704284893521571
190 1030 -0.649623856372297
191 797 -0.708686648049839
192 1031 -0.706656718786118
193 914 -0.697346943148189
194 556 -0.691259781115204
195 1032 -0.707428062096716
196 775 -0.688601027674083
197 1013 -0.70115075660807
198 215 -0.711409137568161
198 1033 -0.696780697797886
199 995 -0.710880715338946
200 1034 -0.684264199200959
201 257 -0.701053823831627
201 1035 -0.701053823831627
202 761 -0.689803230399624
203 1036 -0.687177850838189
204 1005 -0.702677478374138
205 1037 -0.711503599148596
205 820 -0.68476162227392
205 1038 -0.706610119320531
206 1039 -0.690674054675471
207 905 -0.68854344703645
207 1040 -0.632134724725518
208 989 -0.698865134966056
209 880 0.329966543241974
210 1038 -0.706610119320531
211 1025 -0.70101061847996
212 1041 -0.480955654045062
212 1042 -0.692647100272907
213 1043 -0.707576043433601
213 1044 -0.702399401892389
214 1045 -0.687177850838189
215 1046 -0.691259781115204
216 1047 -0.54685137058773
217 1048 -0.711775434997014
217 1049 -0.703485864775746
218 1050 -0.657516871478916
219 232 -0.500042822103875
220 433 -0.702337172402791
221 973 -0.707459136262875
222 1051 -0.690648792989197
223 1052 -0.692778684658454
224 1053 -0.671373353933809
225 906 -0.115073843958075
225 373 -0.115073843958075
225 485 -0.682015437689107
226 1054 -0.710088924078879
227 464 -0.500042822103875
228 358 -0.669583560172242
229 946 -0.673000809996248
229 952 -0.673000809996248
230 694 -0.699933362367302
231 906 -0.682843456541284
232 1044 -0.710876430190359
233 1055 -0.693322240700311
234 355 -0.704219744710983
235 1056 -0.706610119320531
236 1057 -0.663336124636761
237 1058 -0.713229270404699
238 276 1.70961911258894
239 1059 -0.705444422578016
240 1060 -0.687177850838189
241 869 -0.692707634828574
242 1061 -0.690674054675471
243 1062 -0.663336124636761
243 917 -0.697346943148189
244 1063 -0.692778684658454
245 1064 -0.692778684658454
246 1065 -0.713612774898097
247 597 -0.669342317709491
247 1066 -0.694543683102258
248 1067 -0.667221338439662
249 1068 -0.713235438734311
250 1013 -0.397315234778862
250 853 -0.700671878279776
250 955 -0.632134724725518
251 1069 -0.708306706989307
251 1070 -0.711877458900217
252 1071 -0.703577217247284
253 292 -0.710710608228142
254 435 -0.667221338439662
255 1072 -0.713420805650039
256 1073 -0.679816268721531
257 1008 -0.671373353933809
257 1035 -0.701053823831627
257 1074 -0.671373353933809
258 1067 -0.705794879585929
259 1075 -0.679683686649243
260 1076 -0.671373353933809
261 1077 -0.704284893521571
262 1078 -0.680780697724433
263 1079 -0.709218361130828
264 270 -0.68971376420155
265 1080 -0.636631787402621
266 1081 0.199204540988086
267 974 -0.674107890625461
268 1076 -0.687488574113246
269 1082 -0.698962637907765
269 1003 -0.709728722879029
270 275 -0.712532245196764
271 1083 -0.705444422578016
272 426 -0.710682333392673
273 1084 -0.693582037903909
274 659 -0.704451096941378
274 788 -0.704451096941378
275 1085 -0.712220191939345
276 350 1.69130866729993
277 1086 -0.593722479321579
278 1085 -0.701117186903514
279 1087 -0.671373353933809
280 1088 -0.700996859577236
281 926 -0.701021160490405
282 1089 -0.696777461440253
283 421 -0.659427966766776
283 515 -0.659427966766776
283 1090 -0.711708354172749
283 612 -0.659427966766776
283 975 -0.710050101059827
284 1091 -0.710969138620275
285 1092 -0.692778684658454
286 465 -0.700011093781956
287 1093 -0.690674054675471
288 294 1.02147022035825
288 1094 2.13407234757121
289 780 -0.704577679480397
290 1057 -0.685691937244237
291 683 -0.696369485554672
292 987 -0.709218361130828
293 1095 -0.687488574113246
294 448 -0.0613493222126598
294 1096 1.30650885441596
294 1097 2.13407234757121
295 316 -0.646969009783151
296 314 -0.689667827564961
296 1098 -0.70858580190019
296 477 -0.712984894917879
297 315 -0.711579130210592
297 1099 -0.707459136262875
297 1100 -0.707459136262875
297 648 -0.694875308359304
297 653 -0.694875308359304
297 1101 -0.707459136262875
297 1102 -0.707459136262875
298 1103 0.445936659748131
298 576 0.445936659748131
298 1104 0.445936659748131
298 1105 0.445936659748131
298 584 0.445936659748131
298 1106 0.445936659748131
298 1107 0.445936659748131
298 1108 0.759058168507809
299 380 -0.53424743076267
299 471 -0.659546526773246
300 854 -0.701519087807791
301 311 -0.710504186708661
302 1004 -0.704298791871821
303 1109 -0.712885661292785
304 1110 -0.710214275121309
305 945 -0.711845261141292
306 953 -0.673000809996248
306 954 -0.673000809996248
307 1111 -0.683566098847387
307 817 -0.711680555795834
308 1112 -0.707994387176252
309 369 -0.713123850432338
310 1113 -0.702299932743465
310 1114 -0.702299932743465
311 1113 -0.707459136262875
311 315 -0.706410664439682
311 485 -0.682015437689107
311 1115 -0.706410664439682
312 1116 -0.662811505186378
313 1117 -0.709982401844502
314 485 -0.660600281978817
314 1118 -0.679405351692712
315 1119 -0.702299932743465
315 1115 -0.706410664439682
316 500 -0.320892333004774
316 916 -0.697346943148189
316 1120 -0.677303914199948
316 612 -0.659427966766776
317 1121 -0.709625333395194
318 1122 -0.702999594662544
319 767 -0.700215300557529
320 1123 -0.697272471972522
321 1124 -0.713224371349997
322 1125 -0.70101061847996
323 1126 -0.680508098895874
324 530 -0.704988622505476
324 1127 -0.704359896421076
325 1128 -0.70797588647822
326 1129 -0.71349606113363
326 469 -0.707938485613769
326 1130 -0.707938485613769
327 1131 -0.707428062096716
328 1132 -0.669342317709491
328 1133 -0.694543683102258
329 848 -0.708049463797088
330 430 -0.69988631203794
331 814 -0.699561181681102
332 882 -0.699894929470809
333 385 -0.710364387053851
334 779 -0.68869378905257
335 805 -0.711047457820669
336 931 -0.705327391041449
337 1020 -0.701663236120416
338 911 -0.699112217274904
339 810 -0.692213324299901
340 392 -0.698392791781176
340 1134 -0.698392791781176
341 866 -0.707184496888209
342 939 -0.708264678499857
343 851 -0.711599720285074
344 966 -0.696360123180495
345 862 -0.70189132172726
346 962 -0.712962013735126
347 1135 -0.688509098191384
348 1136 -0.711710269485667
349 1137 -0.7096679197639
350 1138 2.13407234757121
350 1139 1.76659204464585
351 682 -0.692210771589812
352 642 2.13407234757121
353 724 -0.695398273378431
354 1140 2.13407234757121
355 892 -0.709418011946008
356 418 -0.702337172402791
357 1141 -0.710880715338946
358 1142 -0.669583560172242
359 650 1.76659204464585
360 1143 -0.702337172402791
361 1144 -0.712885661292785
362 1145 -0.704493462207985
363 1146 -0.706230989746363
364 391 -0.673028528490032
365 1147 -0.712828468823693
366 1148 -0.713077968994361
366 389 -0.694569439302819
367 1149 -0.70300623250199
368 1150 -0.707428062096716
369 1151 -0.697529873676884
370 424 -0.669342317709491
370 1152 -0.694543683102258
371 909 -0.706631052283553
371 1153 -0.704519845691517
372 1154 -0.628135985956515
373 1155 -0.682843456541284
374 1156 -0.707337063859554
375 1157 1.30650885441596
376 1158 -0.583750159722407
377 766 -0.693582037903909
378 1159 -0.692778684658454
379 812 -0.591135107205155
380 557 -0.651591273145611
380 558 -0.70640958999714
381 1160 -0.656283913259494
382 736 -0.712546075666887
383 1161 -0.653087685346277
383 1162 -0.653087685346277
383 1163 -0.653087685346277
383 1164 -0.653087685346277
384 1165 -0.65324952125347
385 1166 -0.701015890268676
386 812 -0.591135107205155
387 1167 -0.687296602933942
388 806 -0.583750159722407
389 508 -0.712439996658757
389 1168 -0.691935312603747
389 1169 -0.691935312603747
390 486 -0.699928817043227
390 724 -0.695398273378431
391 1170 -0.651591273145611
392 1171 -0.707683710066181
393 783 -0.583750159722407
394 547 -0.704219744710983
395 1172 -0.692778684658454
396 1173 -0.702337172402791
397 922 -0.697346943148189
397 993 -0.320892333004774
398 1174 -0.704398601558337
398 986 -0.667042997424055
399 1175 -0.692778684658454
400 1176 -0.71005153892098
400 1111 -0.683566098847387
401 1177 -0.707577753424625
402 1178 -0.705444422578016
403 821 -0.705166519400355
404 412 -0.702337172402791
405 418 -0.711442404059545
406 1179 -0.692778684658454
407 1180 -0.700675130021428
408 615 -0.710880715338946
409 1181 -0.657516871478916
410 1182 -0.687816293370109
411 1183 -0.707428062096716
412 996 -0.690174727214671
412 1184 -0.671373353933809
412 778 -0.688601027674083
413 800 -0.713224371349997
414 447 -0.707517718547358
415 428 -0.70802671886962
416 1185 -0.631430349942157
416 1186 -0.709193817106338
416 1187 -0.397315234778862
417 1188 -0.687177850838189
418 536 -0.671373353933809
419 1189 -0.700215300557529
420 1190 -0.707428062096716
421 916 -0.659427966766776
421 1090 -0.711708354172749
422 1159 -0.691335321044355
423 1191 -0.676498140180121
424 1152 -0.704838559671934
425 1192 -0.65324952125347
426 1192 -0.671373353933809
426 1193 -0.702337172402791
427 1194 -0.685776025794442
428 1195 -0.70802671886962
429 1196 -0.707517718547358
429 503 -0.679495217164595
430 1197 -0.701015890268676
431 1198 -0.707576043433601
432 504 -0.631430349942157
433 606 -0.671373353933809
434 884 -0.546927491752986
435 883 -0.705386426769691
436 856 -0.692387309768516
437 1199 -0.659243968222584
438 1200 -0.707470648381497
439 1201 -0.710880715338946
440 1202 -0.713235438734311
440 517 -0.713586931737829
441 921 -0.697346943148189
442 1203 -0.713377611900205
443 1204 -0.628135985956515
444 1205 -0.690674054675471
445 801 -0.709193817106338
446 1206 -0.696800462976163
447 467 -0.707517718547358
448 551 2.13407234757121
449 1207 -0.711845261141292
450 1103 0.445936659748131
451 496 -0.697360810213134
452 1208 -0.706099184695732
453 936 -0.711494781290661
454 490 -0.707798235920466
455 1209 -0.712869645731054
456 883 -0.667221338439662
457 1210 -0.710756833674301
458 943 -0.711845261141292
459 1211 -0.709692443455661
460 479 -0.711764545774312
461 1212 -0.713217767195857
462 480 0.445936659748131
462 575 0.445936659748131
463 1213 -0.704398601558337
464 994 -0.710876430190359
465 1214 -0.696739081650004
466 801 -0.66734592006989
466 1186 0.199204540988086
467 1196 -0.711853315551064
468 1215 -0.696833913814215
468 1216 -0.710707205104519
469 495 -0.707938485613769
469 1217 -0.702910635877289
470 512 -0.108397839172027
470 1218 -0.0532588682120318
471 1219 -0.66559096402953
472 476 -0.706110683099741
473 1220 -0.69532831424571
474 1221 -0.709463592105563
474 1026 -0.704120917817822
475 510 1.30650885441596
475 512 1.30650885441596
476 599 -0.69426057509634
477 1118 -0.706099184695732
477 1222 -0.687427884502938
478 1223 -0.704219744710983
478 1224 -0.692778684658454
478 1225 -0.704219744710983
479 1226 -0.710415278139982
480 1103 0.445936659748131
481 1105 0.445936659748131
481 582 0.445936659748131
482 1104 0.445936659748131
482 580 0.445936659748131
483 1107 0.445936659748131
483 588 0.445936659748131
484 504 0.199204540988086
485 605 -0.695602442349449
485 1227 -0.689411387909593
486 1228 -0.695398273378431
486 1229 -0.712482794505878
486 725 -0.695584714256417
487 1230 -0.70101061847996
488 1231 -0.707331842808136
489 718 -0.710143840672886
490 1232 -0.698365219958025
490 818 -0.707823450716717
491 1233 -0.673830030630248
492 1234 -0.70594550231926
493 1235 -0.70594550231926
494 1106 0.445936659748131
494 586 0.445936659748131
495 1130 -0.707938485613769
496 1236 -0.697360810213134
497 1237 -0.653087685346277
498 1238 -0.704219744710983
498 1239 -0.704219744710983
499 1240 -0.70594550231926
500 515 -0.659427966766776
501 1241 -0.674345633131975
502 1242 -0.711369284525713
502 1243 -0.698034749659911
503 818 -0.679495217164595
504 1244 -0.498118082448466
505 1245 -0.710953331828383
505 1246 -0.54685137058773
506 1247 -0.663309139736665
507 1248 -0.70594550231926
508 1249 -0.706096323099544
509 1250 -0.674345633131975
510 1251 1.30650885441596
511 520 -0.687039442304881
512 1251 1.30650885441596
513 1252 -0.708025399655772
514 1253 -0.712268363686894
515 521 -0.646969009783151
515 612 -0.320892333004774
516 1254 -0.710422553256145
517 1255 -0.713586931737829
518 1256 -0.708025399655772
519 1257 -0.661133095301609
520 1258 -0.587448856884749
521 992 -0.320892333004774
521 923 -0.708262616752986
522 1259 -0.713262960263345
523 1260 -0.693322240700311
524 1261 -0.700446317514558
525 1262 -0.691931437182195
525 1263 -0.713262960263345
526 1264 -0.0532588682120318
527 1139 -0.334279885614722
527 689 1.30650885441596
527 1265 2.13407234757121
528 1096 -0.0613493222126598
529 1266 -0.0178632042872128
530 624 -0.710585048367887
531 1267 -0.704493462207985
532 1268 -0.709280536831202
533 1269 0.445936659748131
533 1106 0.445936659748131
534 769 -0.65324952125347
534 942 -0.671373353933809
535 770 -0.65324952125347
535 1173 -0.671373353933809
536 771 -0.65324952125347
537 772 -0.65324952125347
537 1270 -0.671373353933809
538 773 -0.65324952125347
538 1143 -0.671373353933809
539 774 -0.65324952125347
539 1271 -0.671373353933809
540 1271 -0.702337172402791
541 1270 -0.702337172402791
542 1272 -0.711442404059545
543 1273 -0.0178632042872128
544 1274 -0.690674054675471
545 1275 -0.690674054675471
546 1134 -0.698392791781176
546 1276 -0.636180359604208
546 572 -0.710756833674301
547 891 -0.709418011946008
548 1277 -0.673274431111334
549 796 -0.646969009783151
550 919 -0.697346943148189
551 1097 -0.0613493222126598
552 1224 -0.705444422578016
553 554 -0.70362877723634
554 891 -0.65324952125347
555 1278 -0.70362877723634
555 892 -0.65324952125347
556 1279 -0.696630527259938
557 558 -0.651591273145611
558 1280 -0.651591273145611
559 1281 -0.705444422578016
559 1282 -0.690674054675471
560 1283 -0.711798222467574
561 1284 -0.690674054675471
562 1285 -0.692778684658454
563 1286 -0.710088924078879
564 1286 -0.704284742679292
565 1287 -0.701989827537432
566 785 -0.583750159722407
567 957 -0.631430349942157
568 958 -0.709193817106338
568 1288 -0.627317709958327
569 1289 -0.709639875606801
569 1290 -0.709639875606801
570 1291 -0.583750159722407
570 573 -0.700215300557529
571 572 -0.700255202723888
572 855 -0.704082938601064
573 1292 -0.704359896421076
574 806 -0.702216018149295
575 576 0.445936659748131
576 577 0.445936659748131
577 578 0.445936659748131
578 579 0.445936659748131
579 1104 0.445936659748131
580 581 0.445936659748131
581 1105 0.445936659748131
581 1293 -0.708658889721726
582 583 0.445936659748131
583 584 0.445936659748131
584 585 0.445936659748131
585 1269 0.445936659748131
586 587 0.445936659748131
587 1107 0.445936659748131
588 589 0.445936659748131
589 1108 0.759058168507809
590 1294 -0.712220191939345
591 1295 -0.48151465540986
592 1296 -0.661133095301609
593 1297 -0.711574907422958
594 1298 -0.704493462207985
595 1299 -0.711574907422958
596 1300 -0.704493462207985
597 1066 -0.704838559671934
598 944 -0.711845261141292
599 1301 -0.710557767955976
600 1302 -0.70594550231926
601 1303 -0.687277484365583
601 1304 -0.713057782988398
602 784 -0.713152797876029
603 1214 -0.696739081650004
604 1214 -0.691259781115204
605 1118 -0.641238611382748
606 607 -0.687488574113246
607 1159 -0.65324952125347
608 1305 -0.674107890625461
609 1306 -0.705696667523639
610 1001 -0.70115075660807
611 1307 -0.70675885160733
612 923 -0.646969009783151
613 614 -0.320892333004774
614 1308 -0.320892333004774
615 665 -0.669701044888477
615 666 -0.669701044888477
616 1309 -0.704838559671934
617 1302 -0.70594550231926
618 937 -0.712636166975418
619 1310 -0.710092268125906
620 1311 -0.707428062096716
621 1312 -0.707428062096716
622 1313 -0.707428062096716
623 1314 -0.711599720285074
624 1315 -0.710585048367887
625 1316 -0.48151465540986
626 628 -0.705444422578016
627 1317 -0.705444422578016
628 1318 -0.692778684658454
629 1317 -0.692778684658454
630 1319 -0.546927491752986
631 1320 -0.692778684658454
632 838 -0.666332908394633
633 1321 -0.705444422578016
634 644 -0.713224371349997
634 1322 -0.713224371349997
635 1323 -0.653087685346277
636 1233 -0.691302880990542
637 823 -0.666332908394633
637 1324 -0.705444422578016
638 726 -0.699928817043227
639 1325 -0.70792357723853
640 683 -0.696369485554672
641 1326 -0.705444422578016
642 1327 1.8813733429222
643 1328 -0.65324952125347
644 1329 -0.713224371349997
645 1330 -0.69915713636876
646 840 -0.666332908394633
647 969 -0.661133095301609
647 721 -0.713224371349997
647 728 -0.713224371349997
648 1331 -0.694875308359304
649 739 -0.666332908394633
650 1332 -0.334279885614722
651 1332 -0.0613493222126598
651 684 1.30650885441596
652 686 1.30650885441596
653 1331 -0.694875308359304
654 1329 -0.713224371349997
655 1333 -0.671373353933809
656 1333 -0.671373353933809
657 956 -0.632134724725518
658 1334 -0.67271310101767
659 788 -0.704451096941378
660 1335 -0.713224371349997
660 1336 -0.713224371349997
661 1337 -0.653087685346277
662 1188 -0.710880715338946
663 1338 -0.705444422578016
664 1165 -0.671373353933809
665 824 -0.666332908394633
666 825 -0.666332908394633
666 826 -0.666332908394633
667 1339 -0.669701044888477
667 829 -0.666332908394633
667 830 -0.666332908394633
668 827 -0.666332908394633
668 828 -0.666332908394633
669 1340 -0.669701044888477
669 831 -0.666332908394633
670 1341 -0.669701044888477
670 832 -0.666332908394633
671 673 -0.669701044888477
672 833 -0.666332908394633
673 834 -0.666332908394633
674 837 -0.666332908394633
675 835 -0.666332908394633
676 836 -0.666332908394633
677 837 -0.666332908394633
678 839 -0.666332908394633
679 1342 -0.587448856884749
680 1343 -0.691993065231281
681 1344 -0.663309139736665
682 1345 -0.692210771589812
683 1226 -0.686627432071032
684 1346 1.02147022035825
684 685 1.02147022035825
685 1140 1.8813733429222
686 1327 1.02147022035825
687 1347 -0.687177850838189
688 1348 -0.687177850838189
689 1264 -0.108397839172027
690 1349 -0.709656791035833
691 1350 -0.697529873676884
691 1351 -0.699933362367302
691 1352 -0.699933362367302
691 1353 -0.699933362367302
691 1277 -0.673274431111334
692 1351 -0.699933362367302
693 1352 -0.699933362367302
694 1353 -0.699933362367302
695 1354 -0.669701044888477
696 1355 -0.711354051043662
697 1356 -0.711354051043662
698 777 -0.688601027674083
699 700 -0.0178632042872128
700 1022 -0.710892062253298
701 702 -0.708658889721726
702 1357 -0.697529873676884
703 704 -0.711354051043662
704 705 -0.671373353933809
705 706 -0.65324952125347
706 707 -0.688601027674083
707 708 -0.711354051043662
708 709 -0.671373353933809
709 710 -0.65324952125347
710 711 -0.688601027674083
711 712 -0.711354051043662
712 713 -0.671373353933809
713 714 -0.65324952125347
714 1358 -0.688601027674083
715 776 -0.671373353933809
716 777 -0.671373353933809
717 1359 -0.70101061847996
718 1360 -0.688601027674083
719 720 -0.671373353933809
720 778 -0.65324952125347
721 1361 -0.713224371349997
722 1362 -0.705444422578016
723 1363 -0.705444422578016
724 1228 -0.699928817043227
725 726 -0.699289205953252
726 1364 -0.695398273378431
727 1325 -0.709728566279395
728 1365 -0.713224371349997
729 1366 -0.690336136073332
730 1367 -0.704493462207985
731 1368 -0.711574907422958
732 1369 -0.710880715338946
733 1370 -0.653087685346277
734 1371 -0.653087685346277
735 1372 -0.653087685346277
736 737 -0.712546075666887
737 1373 -0.712546075666887
738 1374 -0.669701044888477
739 1375 -0.669701044888477
740 1376 -0.669701044888477
741 938 -0.712636166975418
742 1377 -0.711574907422958
743 744 -0.684284262938133
744 1378 -0.71042255205578
745 1379 -0.684284262938133
746 1026 -0.711826177251916
747 970 -0.683102192750532
748 1380 -0.71157913388696
749 1381 -0.710351306421791
750 751 -0.701815776195912
750 752 -0.707388166017959
751 1382 -0.701411106939987
752 1383 -0.707388166017959
753 1382 -0.70638209908198
754 1384 -0.707094167234672
755 756 -0.668035647475046
755 1385 -0.668035647475046
756 1385 -0.668035647475046
