1 -1.02730654134595
2 -1.02730654134595
3 0.849851972306454
4 0.823000292228903
5 1.05362602675544
6 0.694363176914406
7 0.693171401815092
8 0.774531719590414
9 0.686798666915979
10 0.69004029294538
11 0.728098407930356
12 -1.02730654134595
13 -1.02730654134595
14 -1.02730654134595
15 0.865749604249799
16 -1.02730654134595
17 -1.02730654134595
18 0.718469435667466
19 0.790352984828264
20 0.697939720126547
21 -1.02730654134595
22 -1.02730654134595
23 0.811049520904668
24 -1.02730654134595
25 0.818365917091038
26 0.972474852701732
27 -1.02730654134595
28 -1.02730654134595
29 -1.02730654134595
30 -1.02730654134595
31 0.755823783642673
32 0.860156856681736
33 0.778270386360829
34 0.852366278005855
35 -1.02730654134595
36 0.779507974861758
37 -1.02730654134595
38 0.768004996210171
39 0.774583823276366
40 0.823764886137014
41 0.780251282675889
42 0.743819160355135
43 0.77167202216961
44 -1.02730654134595
45 -1.02730654134595
46 0.774452263501774
47 -1.02730654134595
48 -1.02730654134595
49 -1.02730654134595
50 -1.02730654134595
51 0.758274589202073
52 -1.02730654134595
53 0.837769928467409
54 0.843411132253687
55 0.798707437043829
56 -1.02730654134595
57 -1.02730654134595
58 0.683554876474918
59 0.748743507665942
60 -1.02730654134595
61 -1.02730654134595
62 -1.02730654134595
63 0.821800284152062
64 0.687463921643508
65 -1.02730654134595
66 0.720350317321609
67 -1.02730654134595
68 0.843260669044418
69 0.719657770161305
70 0.682208306120631
71 0.761776110010963
72 -1.02730654134595
73 -1.02730654134595
74 -1.02730654134595
75 0.746257673032902
76 0.728020391233685
77 -1.02730654134595
78 -1.02730654134595
79 -1.02730654134595
80 -1.02730654134595
81 -1.02730654134595
82 0.807736023315375
83 0.820078079789666
84 0.823441014047596
85 0.723842133048704
86 -1.02730654134595
87 -1.02730654134595
88 -1.02730654134595
89 -1.02730654134595
90 0.692529567571462
91 -1.02730654134595
92 -1.02730654134595
93 -1.02730654134595
94 -1.02730654134595
95 0.71049423057397
96 -1.02730654134595
97 -1.02730654134595
98 0.988881628117001
99 -1.02730654134595
100 -1.02730654134595
101 -1.02730654134595
102 0.70578251912697
103 -1.02730654134595
104 0.695858805204839
105 -1.02730654134595
106 -1.02730654134595
107 -1.02730654134595
108 -1.02730654134595
109 -1.02730654134595
110 -1.02730654134595
111 0.773291538395577
112 -1.02730654134595
113 -1.02730654134595
114 -1.02730654134595
115 -1.02730654134595
116 -1.02730654134595
117 -1.02730654134595
118 -1.02730654134595
119 -1.02730654134595
120 -1.02730654134595
121 -1.02730654134595
122 0.76124042951762
123 0.995138822126524
124 -1.02730654134595
125 -1.02730654134595
126 -1.02730654134595
127 0.811452193436004
128 -1.02730654134595
129 -1.02730654134595
130 0.75292121216551
131 -1.02730654134595
132 0.765822931766248
133 -1.02730654134595
134 -1.02730654134595
135 -1.02730654134595
136 -1.02730654134595
137 -1.02730654134595
138 -1.02730654134595
139 0.724720065174772
140 -1.02730654134595
141 -1.02730654134595
142 0.714272939199685
143 0.820116684650757
144 1.67794332511573
145 -1.02730654134595
146 -1.02730654134595
147 -1.02730654134595
148 0.728147122662681
149 0.73078924109921
150 -1.02730654134595
151 -1.02730654134595
152 -1.02730654134595
153 0.705705676682585
154 0.699675249971537
155 0.796726606922204
156 0.684686916336464
157 -1.02730654134595
158 0.830979189727626
159 0.688204013663842
160 -1.02730654134595
161 -1.02730654134595
162 0.691143335985598
163 0.814235230608396
164 -1.02730654134595
165 -1.02730654134595
166 0.783096447105234
167 -1.02730654134595
168 -1.02730654134595
169 -1.02730654134595
170 -1.02730654134595
171 -1.02730654134595
172 0.745933403110091
173 -1.02730654134595
174 -1.02730654134595
175 -1.02730654134595
176 0.768425880812461
177 -1.02730654134595
178 -1.02730654134595
179 -1.02730654134595
180 -1.02730654134595
181 -1.02730654134595
182 -1.02730654134595
183 -1.02730654134595
184 -1.02730654134595
185 -1.02730654134595
186 -1.02730654134595
187 -1.02730654134595
188 -1.02730654134595
189 -1.02730654134595
190 -1.02730654134595
191 -1.02730654134595
192 -1.02730654134595
193 -1.02730654134595
194 0.754147221507857
195 -1.02730654134595
196 -1.02730654134595
197 -1.02730654134595
198 1.00113335474322
199 -1.02730654134595
200 -1.02730654134595
201 -1.02730654134595
202 0.920604688277332
203 -1.02730654134595
204 -1.02730654134595
205 -1.02730654134595
206 -1.02730654134595
207 -1.02730654134595
208 0.75290258051979
209 -1.02730654134595
210 -1.02730654134595
211 -1.02730654134595
212 -1.02730654134595
213 -1.02730654134595
214 -1.02730654134595
215 -1.02730654134595
216 -1.02730654134595
217 -1.02730654134595
218 -1.02730654134595
219 -1.02730654134595
220 -1.02730654134595
221 -1.02730654134595
222 -1.02730654134595
223 -1.02730654134595
224 -1.02730654134595
225 -1.02730654134595
226 -1.02730654134595
227 -1.02730654134595
228 0.911437497415244
229 0.734088882706687
230 -1.02730654134595
231 -1.02730654134595
232 -1.02730654134595
233 -1.02730654134595
234 -1.02730654134595
235 -1.02730654134595
236 -1.02730654134595
237 -1.02730654134595
238 -1.02730654134595
239 -1.02730654134595
240 -1.02730654134595
241 -1.02730654134595
242 -1.02730654134595
243 -1.02730654134595
244 -1.02730654134595
245 0.749520627594867
246 -1.02730654134595
247 -1.02730654134595
248 -1.02730654134595
249 -1.02730654134595
250 -1.02730654134595
251 -1.02730654134595
252 -1.02730654134595
253 -1.02730654134595
254 0.759856193446764
255 -1.02730654134595
256 -1.02730654134595
257 -1.02730654134595
258 -1.02730654134595
259 -1.02730654134595
260 -1.02730654134595
261 -1.02730654134595
262 -1.02730654134595
263 -1.02730654134595
264 -1.02730654134595
265 -1.02730654134595
266 -1.02730654134595
267 0.898061539574918
268 -1.02730654134595
269 -1.02730654134595
270 -1.02730654134595
271 -1.02730654134595
272 -1.02730654134595
273 -1.02730654134595
274 0.702830669136012
275 -1.02730654134595
276 -1.02730654134595
277 -1.02730654134595
278 -1.02730654134595
279 -1.02730654134595
280 -1.02730654134595
281 -1.02730654134595
282 -1.02730654134595
283 -1.02730654134595
284 -1.02730654134595
285 -1.02730654134595
286 0.816350932070563
287 -1.02730654134595
288 -1.02730654134595
289 -1.02730654134595
290 -1.02730654134595
291 0.681224221187368
292 -1.02730654134595
293 -1.02730654134595
294 -1.02730654134595
295 -1.02730654134595
296 -1.02730654134595
297 -1.02730654134595
298 -1.02730654134595
299 -1.02730654134595
300 -1.02730654134595
301 -1.02730654134595
302 -1.02730654134595
303 -1.02730654134595
304 -1.02730654134595
305 -1.02730654134595
306 -1.02730654134595
307 -1.02730654134595
308 -1.02730654134595
309 -1.02730654134595
310 -1.02730654134595
311 -1.02730654134595
312 -1.02730654134595
313 -1.02730654134595
314 -1.02730654134595
315 -1.02730654134595
316 -1.02730654134595
317 -1.02730654134595
318 -1.02730654134595
319 -1.02730654134595
320 -1.02730654134595
321 -1.02730654134595
322 -1.02730654134595
323 -1.02730654134595
324 -1.02730654134595
325 -1.02730654134595
326 -1.02730654134595
327 -1.02730654134595
328 -1.02730654134595
329 -1.02730654134595
330 -1.02730654134595
331 -1.02730654134595
332 -1.02730654134595
333 -1.02730654134595
334 -1.02730654134595
335 -1.02730654134595
336 -1.02730654134595
337 -1.02730654134595
338 -1.02730654134595
339 -1.02730654134595
340 -1.02730654134595
341 -1.02730654134595
342 -1.02730654134595
343 -1.02730654134595
344 -1.02730654134595
345 -1.02730654134595
346 -1.02730654134595
347 0.756136265617619
348 -1.02730654134595
349 -1.02730654134595
350 -1.02730654134595
351 -1.02730654134595
352 -1.02730654134595
353 -1.02730654134595
354 -1.02730654134595
355 -1.02730654134595
356 -1.02730654134595
357 -1.02730654134595
358 0.789353195907872
359 -1.02730654134595
360 -1.02730654134595
361 -1.02730654134595
362 -1.02730654134595
363 -1.02730654134595
364 -1.02730654134595
365 -1.02730654134595
366 -1.02730654134595
367 -1.02730654134595
368 -1.02730654134595
369 -1.02730654134595
370 -1.02730654134595
371 -1.02730654134595
372 -1.02730654134595
373 -1.02730654134595
374 -1.02730654134595
375 -1.02730654134595
376 -1.02730654134595
377 -1.02730654134595
378 -1.02730654134595
379 -1.02730654134595
380 -1.02730654134595
381 -1.02730654134595
382 -1.02730654134595
383 -1.02730654134595
384 -1.02730654134595
385 -1.02730654134595
386 -1.02730654134595
387 -1.02730654134595
388 -1.02730654134595
389 -1.02730654134595
390 -1.02730654134595
391 -1.02730654134595
392 -1.02730654134595
393 -1.02730654134595
394 -1.02730654134595
395 -1.02730654134595
396 -1.02730654134595
397 -1.02730654134595
398 -1.02730654134595
399 0.711991787200128
400 -1.02730654134595
401 -1.02730654134595
402 -1.02730654134595
403 -1.02730654134595
404 -1.02730654134595
405 -1.02730654134595
406 -1.02730654134595
407 -1.02730654134595
408 -1.02730654134595
409 -1.02730654134595
410 -1.02730654134595
411 -1.02730654134595
412 -1.02730654134595
413 -1.02730654134595
414 -1.02730654134595
415 -1.02730654134595
416 -1.02730654134595
417 -1.02730654134595
418 -1.02730654134595
419 -1.02730654134595
420 -1.02730654134595
421 -1.02730654134595
422 -1.02730654134595
423 -1.02730654134595
424 -1.02730654134595
425 -1.02730654134595
426 -1.02730654134595
427 -1.02730654134595
428 -1.02730654134595
429 -1.02730654134595
430 -1.02730654134595
431 -1.02730654134595
432 -1.02730654134595
433 -1.02730654134595
434 -1.02730654134595
435 -1.02730654134595
436 -1.02730654134595
437 -1.02730654134595
438 -1.02730654134595
439 -1.02730654134595
440 -1.02730654134595
441 -1.02730654134595
442 -1.02730654134595
443 -1.02730654134595
444 -1.02730654134595
445 -1.02730654134595
446 -1.02730654134595
447 -1.02730654134595
448 -1.02730654134595
449 -1.02730654134595
450 -1.02730654134595
451 -1.02730654134595
452 -1.02730654134595
453 -1.02730654134595
454 -1.02730654134595
455 -1.02730654134595
456 -1.02730654134595
457 -1.02730654134595
458 -1.02730654134595
459 -1.02730654134595
460 -1.02730654134595
461 -1.02730654134595
462 -1.02730654134595
463 -1.02730654134595
464 -1.02730654134595
465 -1.02730654134595
466 -1.02730654134595
467 -1.02730654134595
468 -1.02730654134595
469 -1.02730654134595
470 -1.02730654134595
471 -1.02730654134595
472 -1.02730654134595
473 -1.02730654134595
474 -1.02730654134595
475 -1.02730654134595
476 -1.02730654134595
477 -1.02730654134595
478 -1.02730654134595
479 -1.02730654134595
480 -1.02730654134595
481 -1.02730654134595
482 -1.02730654134595
483 -1.02730654134595
484 -1.02730654134595
485 -1.02730654134595
486 -1.02730654134595
487 -1.02730654134595
488 -1.02730654134595
489 -1.02730654134595
490 -1.02730654134595
491 -1.02730654134595
492 -1.02730654134595
493 -1.02730654134595
494 -1.02730654134595
495 -1.02730654134595
496 -1.02730654134595
497 -1.02730654134595
498 -1.02730654134595
499 -1.02730654134595
500 -1.02730654134595
501 -1.02730654134595
502 -1.02730654134595
503 -1.02730654134595
504 -1.02730654134595
505 -1.02730654134595
506 -1.02730654134595
507 -1.02730654134595
508 -1.02730654134595
509 -1.02730654134595
510 -1.02730654134595
511 -1.02730654134595
512 -1.02730654134595
513 -1.02730654134595
514 -1.02730654134595
515 -1.02730654134595
516 -1.02730654134595
517 -1.02730654134595
518 -1.02730654134595
519 -1.02730654134595
520 -1.02730654134595
521 -1.02730654134595
522 -1.02730654134595
523 -1.02730654134595
524 -1.02730654134595
525 -1.02730654134595
526 -1.02730654134595
527 -1.02730654134595
528 -1.02730654134595
529 -1.02730654134595
530 -1.02730654134595
531 -1.02730654134595
532 -1.02730654134595
533 -1.02730654134595
534 -1.02730654134595
535 -1.02730654134595
536 -1.02730654134595
537 -1.02730654134595
538 -1.02730654134595
539 -1.02730654134595
540 -1.02730654134595
541 -1.02730654134595
542 -1.02730654134595
543 -1.02730654134595
544 -1.02730654134595
545 -1.02730654134595
546 -1.02730654134595
547 -1.02730654134595
548 -1.02730654134595
549 -1.02730654134595
550 -1.02730654134595
551 -1.02730654134595
552 -1.02730654134595
553 -1.02730654134595
554 -1.02730654134595
555 -1.02730654134595
556 -1.02730654134595
557 -1.02730654134595
558 -1.02730654134595
559 -1.02730654134595
560 -1.02730654134595
561 -1.02730654134595
562 -1.02730654134595
563 -1.02730654134595
564 -1.02730654134595
565 -1.02730654134595
566 -1.02730654134595
567 -1.02730654134595
568 -1.02730654134595
569 -1.02730654134595
570 -1.02730654134595
571 -1.02730654134595
572 -1.02730654134595
573 -1.02730654134595
574 -1.02730654134595
575 -1.02730654134595
576 -1.02730654134595
577 -1.02730654134595
578 -1.02730654134595
579 -1.02730654134595
580 -1.02730654134595
581 -1.02730654134595
582 -1.02730654134595
583 -1.02730654134595
584 -1.02730654134595
585 -1.02730654134595
586 -1.02730654134595
587 -1.02730654134595
588 -1.02730654134595
589 -1.02730654134595
590 -1.02730654134595
591 -1.02730654134595
592 -1.02730654134595
593 -1.02730654134595
594 -1.02730654134595
595 -1.02730654134595
596 -1.02730654134595
597 -1.02730654134595
598 -1.02730654134595
599 -1.02730654134595
600 -1.02730654134595
601 -1.02730654134595
602 -1.02730654134595
603 -1.02730654134595
604 -1.02730654134595
605 -1.02730654134595
606 -1.02730654134595
607 -1.02730654134595
608 -1.02730654134595
609 -1.02730654134595
610 -1.02730654134595
611 -1.02730654134595
612 -1.02730654134595
613 -1.02730654134595
614 -1.02730654134595
615 -1.02730654134595
616 -1.02730654134595
617 -1.02730654134595
618 -1.02730654134595
619 -1.02730654134595
620 -1.02730654134595
621 -1.02730654134595
622 -1.02730654134595
623 -1.02730654134595
624 -1.02730654134595
625 -1.02730654134595
626 -1.02730654134595
627 -1.02730654134595
628 -1.02730654134595
629 -1.02730654134595
630 -1.02730654134595
631 -1.02730654134595
632 -1.02730654134595
633 -1.02730654134595
634 -1.02730654134595
635 -1.02730654134595
636 -1.02730654134595
637 -1.02730654134595
638 -1.02730654134595
639 -1.02730654134595
640 -1.02730654134595
641 -1.02730654134595
642 -1.02730654134595
643 -1.02730654134595
644 -1.02730654134595
645 -1.02730654134595
646 -1.02730654134595
647 -1.02730654134595
648 -1.02730654134595
649 -1.02730654134595
650 -1.02730654134595
651 -1.02730654134595
652 -1.02730654134595
653 -1.02730654134595
654 -1.02730654134595
655 -1.02730654134595
656 -1.02730654134595
657 -1.02730654134595
658 -1.02730654134595
659 0.939268351851139
660 -1.02730654134595
661 -1.02730654134595
662 -1.02730654134595
663 -1.02730654134595
664 -1.02730654134595
665 -1.02730654134595
666 -1.02730654134595
667 -1.02730654134595
668 -1.02730654134595
669 -1.02730654134595
670 -1.02730654134595
671 -1.02730654134595
672 -1.02730654134595
673 -1.02730654134595
674 -1.02730654134595
675 -1.02730654134595
676 -1.02730654134595
677 -1.02730654134595
678 -1.02730654134595
679 -1.02730654134595
680 -1.02730654134595
681 -1.02730654134595
682 0.766146131811299
683 -1.02730654134595
684 -1.02730654134595
685 -1.02730654134595
686 -1.02730654134595
687 -1.02730654134595
688 -1.02730654134595
689 -1.02730654134595
690 -1.02730654134595
691 -1.02730654134595
692 -1.02730654134595
693 -1.02730654134595
694 -1.02730654134595
695 -1.02730654134595
696 -1.02730654134595
697 -1.02730654134595
698 -1.02730654134595
699 -1.02730654134595
700 -1.02730654134595
701 -1.02730654134595
702 -1.02730654134595
703 -1.02730654134595
704 -1.02730654134595
705 -1.02730654134595
706 -1.02730654134595
707 -1.02730654134595
708 -1.02730654134595
709 -1.02730654134595
710 -1.02730654134595
711 -1.02730654134595
712 -1.02730654134595
713 -1.02730654134595
714 -1.02730654134595
715 -1.02730654134595
716 -1.02730654134595
717 -1.02730654134595
718 -1.02730654134595
719 -1.02730654134595
720 -1.02730654134595
721 -1.02730654134595
722 -1.02730654134595
723 -1.02730654134595
724 -1.02730654134595
725 -1.02730654134595
726 -1.02730654134595
727 -1.02730654134595
728 -1.02730654134595
729 -1.02730654134595
730 -1.02730654134595
731 -1.02730654134595
732 -1.02730654134595
733 -1.02730654134595
734 -1.02730654134595
735 -1.02730654134595
736 -1.02730654134595
737 -1.02730654134595
738 -1.02730654134595
739 -1.02730654134595
740 -1.02730654134595
741 -1.02730654134595
742 -1.02730654134595
743 -1.02730654134595
744 -1.02730654134595
745 -1.02730654134595
746 -1.02730654134595
747 -1.02730654134595
748 -1.02730654134595
749 -1.02730654134595
750 -1.02730654134595
751 -1.02730654134595
752 -1.02730654134595
753 -1.02730654134595
754 -1.02730654134595
755 -1.02730654134595
756 -1.02730654134595
757 -1.02730654134595
758 -1.02730654134595
759 -1.02730654134595
760 -1.02730654134595
761 -1.02730654134595
762 0.898262671042997
763 0.710142460007208
764 0.828598197091543
765 -1.02730654134595
766 -1.02730654134595
767 -1.02730654134595
768 -1.02730654134595
769 -1.02730654134595
770 -1.02730654134595
771 -1.02730654134595
772 -1.02730654134595
773 -1.02730654134595
774 -1.02730654134595
775 -1.02730654134595
776 -1.02730654134595
777 -1.02730654134595
778 -1.02730654134595
779 -1.02730654134595
780 -1.02730654134595
781 -1.02730654134595
782 -1.02730654134595
783 -1.02730654134595
784 -1.02730654134595
785 -1.02730654134595
786 -1.02730654134595
787 -1.02730654134595
788 -1.02730654134595
789 -1.02730654134595
790 -1.02730654134595
791 -1.02730654134595
792 -1.02730654134595
793 -1.02730654134595
794 -1.02730654134595
795 -1.02730654134595
796 -1.02730654134595
797 -1.02730654134595
798 -1.02730654134595
799 -1.02730654134595
800 -1.02730654134595
801 -1.02730654134595
802 -1.02730654134595
803 0.730596316679024
804 0.941582306378186
805 -1.02730654134595
806 -1.02730654134595
807 -1.02730654134595
808 -1.02730654134595
809 -1.02730654134595
810 -1.02730654134595
811 -1.02730654134595
812 -1.02730654134595
813 0.897524164668009
814 -1.02730654134595
815 -1.02730654134595
816 -1.02730654134595
817 -1.02730654134595
818 -1.02730654134595
819 0.804432257560941
820 -1.02730654134595
821 -1.02730654134595
822 -1.02730654134595
823 -1.02730654134595
824 -1.02730654134595
825 -1.02730654134595
826 -1.02730654134595
827 -1.02730654134595
828 -1.02730654134595
829 -1.02730654134595
830 -1.02730654134595
831 -1.02730654134595
832 -1.02730654134595
833 -1.02730654134595
834 -1.02730654134595
835 -1.02730654134595
836 -1.02730654134595
837 -1.02730654134595
838 -1.02730654134595
839 -1.02730654134595
840 -1.02730654134595
841 0.744770574185237
842 -1.02730654134595
843 -1.02730654134595
844 -1.02730654134595
845 -1.02730654134595
846 0.778318138997273
847 -1.02730654134595
848 -1.02730654134595
849 -1.02730654134595
850 0.907213539895645
851 -1.02730654134595
852 -1.02730654134595
853 -1.02730654134595
854 -1.02730654134595
855 -1.02730654134595
856 -1.02730654134595
857 0.689194080434244
858 -1.02730654134595
859 -1.02730654134595
860 -1.02730654134595
861 0.699203371158533
862 -1.02730654134595
863 0.77986628426857
864 -1.02730654134595
865 -1.02730654134595
866 -1.02730654134595
867 -1.02730654134595
868 -1.02730654134595
869 -1.02730654134595
870 -1.02730654134595
871 -1.02730654134595
872 0.843267834847048
873 -1.02730654134595
874 -1.02730654134595
875 -1.02730654134595
876 -1.02730654134595
877 -1.02730654134595
878 -1.02730654134595
879 -1.02730654134595
880 -1.02730654134595
881 -1.02730654134595
882 -1.02730654134595
883 -1.02730654134595
884 -1.02730654134595
885 -1.02730654134595
886 0.759546577599769
887 -1.02730654134595
888 -1.02730654134595
889 -1.02730654134595
890 -1.02730654134595
891 -1.02730654134595
892 -1.02730654134595
893 0.74347085067528
894 -1.02730654134595
895 0.788281507039788
896 -1.02730654134595
897 -1.02730654134595
898 -1.02730654134595
899 -1.02730654134595
900 -1.02730654134595
901 -1.02730654134595
902 -1.02730654134595
903 -1.02730654134595
904 -1.02730654134595
905 0.97822639152128
906 -1.02730654134595
907 -1.02730654134595
908 0.793115712543633
909 -1.02730654134595
910 -1.02730654134595
911 -1.02730654134595
912 -1.02730654134595
913 -1.02730654134595
914 -1.02730654134595
915 -1.02730654134595
916 -1.02730654134595
917 -1.02730654134595
918 -1.02730654134595
919 -1.02730654134595
920 -1.02730654134595
921 -1.02730654134595
922 -1.02730654134595
923 -1.02730654134595
924 -1.02730654134595
925 -1.02730654134595
926 -1.02730654134595
927 -1.02730654134595
928 -1.02730654134595
929 -1.02730654134595
930 -1.02730654134595
931 -1.02730654134595
932 -1.02730654134595
933 -1.02730654134595
934 -1.02730654134595
935 -1.02730654134595
936 -1.02730654134595
937 -1.02730654134595
938 -1.02730654134595
939 -1.02730654134595
940 -1.02730654134595
941 -1.02730654134595
942 -1.02730654134595
943 -1.02730654134595
944 -1.02730654134595
945 -1.02730654134595
946 -1.02730654134595
947 0.692701056636874
948 -1.02730654134595
949 -1.02730654134595
950 -1.02730654134595
951 -1.02730654134595
952 -1.02730654134595
953 -1.02730654134595
954 -1.02730654134595
955 -1.02730654134595
956 -1.02730654134595
957 -1.02730654134595
958 -1.02730654134595
959 -1.02730654134595
960 -1.02730654134595
961 -1.02730654134595
962 -1.02730654134595
963 -1.02730654134595
964 -1.02730654134595
965 -1.02730654134595
966 -1.02730654134595
967 -1.02730654134595
968 -1.02730654134595
969 -1.02730654134595
970 -1.02730654134595
971 -1.02730654134595
972 -1.02730654134595
973 0.761829292768782
974 -1.02730654134595
975 -1.02730654134595
976 0.778836755798304
977 -1.02730654134595
978 -1.02730654134595
979 -1.02730654134595
980 0.705370999994886
981 0.733088763166603
982 -1.02730654134595
983 -1.02730654134595
984 -1.02730654134595
985 -1.02730654134595
986 -1.02730654134595
987 -1.02730654134595
988 -1.02730654134595
989 0.725238368010602
990 -1.02730654134595
991 -1.02730654134595
992 -1.02730654134595
993 -1.02730654134595
994 -1.02730654134595
995 -1.02730654134595
996 -1.02730654134595
997 -1.02730654134595
998 0.70136219772175
999 0.696171975562327
1000 -1.02730654134595
1001 -1.02730654134595
1002 0.695170585473091
1003 -1.02730654134595
1004 -1.02730654134595
1005 -1.02730654134595
1006 -1.02730654134595
1007 -1.02730654134595
1008 -1.02730654134595
1009 -1.02730654134595
1010 0.872217400293864
1011 -1.02730654134595
1012 -1.02730654134595
1013 -1.02730654134595
1014 -1.02730654134595
1015 0.760602782615614
1016 -1.02730654134595
1017 -1.02730654134595
1018 -1.02730654134595
1019 -1.02730654134595
1020 -1.02730654134595
1021 -1.02730654134595
1022 -1.02730654134595
1023 -1.02730654134595
1024 -1.02730654134595
1025 -1.02730654134595
1026 -1.02730654134595
1027 -1.02730654134595
1028 -1.02730654134595
1029 -1.02730654134595
1030 -1.02730654134595
1031 -1.02730654134595
1032 -1.02730654134595
1033 -1.02730654134595
1034 -1.02730654134595
1035 -1.02730654134595
1036 -1.02730654134595
1037 -1.02730654134595
1038 -1.02730654134595
1039 -1.02730654134595
1040 -1.02730654134595
1041 -1.02730654134595
1042 -1.02730654134595
1043 -1.02730654134595
1044 -1.02730654134595
1045 -1.02730654134595
1046 -1.02730654134595
1047 -1.02730654134595
1048 -1.02730654134595
1049 -1.02730654134595
1050 -1.02730654134595
1051 -1.02730654134595
1052 0.699714100860636
1053 -1.02730654134595
1054 0.95699767229825
1055 -1.02730654134595
1056 -1.02730654134595
1057 -1.02730654134595
1058 -1.02730654134595
1059 -1.02730654134595
1060 -1.02730654134595
1061 -1.02730654134595
1062 -1.02730654134595
1063 -1.02730654134595
1064 -1.02730654134595
1065 -1.02730654134595
1066 -1.02730654134595
1067 -1.02730654134595
1068 -1.02730654134595
1069 -1.02730654134595
1070 -1.02730654134595
1071 -1.02730654134595
1072 -1.02730654134595
1073 -1.02730654134595
1074 -1.02730654134595
1075 -1.02730654134595
1076 -1.02730654134595
1077 -1.02730654134595
1078 -1.02730654134595
1079 -1.02730654134595
1080 -1.02730654134595
1081 -1.02730654134595
1082 -1.02730654134595
1083 -1.02730654134595
1084 -1.02730654134595
1085 -1.02730654134595
1086 -1.02730654134595
1087 -1.02730654134595
1088 -1.02730654134595
1089 -1.02730654134595
1090 -1.02730654134595
1091 -1.02730654134595
1092 0.690982640809782
1093 -1.02730654134595
1094 -1.02730654134595
1095 -1.02730654134595
1096 -1.02730654134595
1097 -1.02730654134595
1098 -1.02730654134595
1099 -1.02730654134595
1100 -1.02730654134595
1101 -1.02730654134595
1102 -1.02730654134595
1103 -1.02730654134595
1104 -1.02730654134595
1105 -1.02730654134595
1106 -1.02730654134595
1107 -1.02730654134595
1108 -1.02730654134595
1109 -1.02730654134595
1110 -1.02730654134595
1111 -1.02730654134595
1112 -1.02730654134595
1113 -1.02730654134595
1114 -1.02730654134595
1115 -1.02730654134595
1116 -1.02730654134595
1117 0.866677679228267
1118 -1.02730654134595
1119 -1.02730654134595
1120 -1.02730654134595
1121 -1.02730654134595
1122 -1.02730654134595
1123 -1.02730654134595
1124 -1.02730654134595
1125 -1.02730654134595
1126 -1.02730654134595
1127 -1.02730654134595
1128 -1.02730654134595
1129 -1.02730654134595
1130 -1.02730654134595
1131 -1.02730654134595
1132 -1.02730654134595
1133 -1.02730654134595
1134 -1.02730654134595
1135 -1.02730654134595
1136 -1.02730654134595
1137 -1.02730654134595
1138 -1.02730654134595
1139 -1.02730654134595
1140 -1.02730654134595
1141 -1.02730654134595
1142 -1.02730654134595
1143 -1.02730654134595
1144 -1.02730654134595
1145 -1.02730654134595
1146 -1.02730654134595
1147 -1.02730654134595
1148 -1.02730654134595
1149 -1.02730654134595
1150 -1.02730654134595
1151 -1.02730654134595
1152 -1.02730654134595
1153 -1.02730654134595
1154 -1.02730654134595
1155 -1.02730654134595
1156 -1.02730654134595
1157 -1.02730654134595
1158 -1.02730654134595
1159 -1.02730654134595
1160 -1.02730654134595
1161 -1.02730654134595
1162 -1.02730654134595
1163 -1.02730654134595
1164 -1.02730654134595
1165 -1.02730654134595
1166 -1.02730654134595
1167 -1.02730654134595
1168 -1.02730654134595
1169 -1.02730654134595
1170 -1.02730654134595
1171 -1.02730654134595
1172 -1.02730654134595
1173 -1.02730654134595
1174 -1.02730654134595
1175 -1.02730654134595
1176 -1.02730654134595
1177 -1.02730654134595
1178 -1.02730654134595
1179 -1.02730654134595
1180 -1.02730654134595
1181 -1.02730654134595
1182 -1.02730654134595
1183 -1.02730654134595
1184 -1.02730654134595
1185 -1.02730654134595
1186 -1.02730654134595
1187 -1.02730654134595
1188 -1.02730654134595
1189 -1.02730654134595
1190 -1.02730654134595
1191 -1.02730654134595
1192 -1.02730654134595
1193 -1.02730654134595
1194 -1.02730654134595
1195 -1.02730654134595
1196 -1.02730654134595
1197 -1.02730654134595
1198 -1.02730654134595
1199 -1.02730654134595
1200 -1.02730654134595
1201 -1.02730654134595
1202 -1.02730654134595
1203 -1.02730654134595
1204 -1.02730654134595
1205 -1.02730654134595
1206 -1.02730654134595
1207 -1.02730654134595
1208 -1.02730654134595
1209 -1.02730654134595
1210 -1.02730654134595
1211 -1.02730654134595
1212 -1.02730654134595
1213 -1.02730654134595
1214 -1.02730654134595
1215 -1.02730654134595
1216 -1.02730654134595
1217 -1.02730654134595
1218 -1.02730654134595
1219 -1.02730654134595
1220 -1.02730654134595
1221 -1.02730654134595
1222 -1.02730654134595
1223 -1.02730654134595
1224 -1.02730654134595
1225 -1.02730654134595
1226 -1.02730654134595
1227 -1.02730654134595
1228 -1.02730654134595
1229 -1.02730654134595
1230 -1.02730654134595
1231 -1.02730654134595
1232 -1.02730654134595
1233 -1.02730654134595
1234 -1.02730654134595
1235 -1.02730654134595
1236 -1.02730654134595
1237 -1.02730654134595
1238 -1.02730654134595
1239 -1.02730654134595
1240 -1.02730654134595
1241 -1.02730654134595
1242 -1.02730654134595
1243 -1.02730654134595
1244 -1.02730654134595
1245 -1.02730654134595
1246 -1.02730654134595
1247 -1.02730654134595
1248 -1.02730654134595
1249 -1.02730654134595
1250 -1.02730654134595
1251 -1.02730654134595
1252 -1.02730654134595
1253 -1.02730654134595
1254 -1.02730654134595
1255 -1.02730654134595
1256 -1.02730654134595
1257 -1.02730654134595
1258 -1.02730654134595
1259 -1.02730654134595
1260 -1.02730654134595
1261 -1.02730654134595
1262 -1.02730654134595
1263 -1.02730654134595
1264 -1.02730654134595
1265 -1.02730654134595
1266 -1.02730654134595
1267 -1.02730654134595
1268 -1.02730654134595
1269 -1.02730654134595
1270 -1.02730654134595
1271 -1.02730654134595
1272 -1.02730654134595
1273 -1.02730654134595
1274 -1.02730654134595
1275 -1.02730654134595
1276 -1.02730654134595
1277 -1.02730654134595
1278 -1.02730654134595
1279 -1.02730654134595
1280 -1.02730654134595
1281 -1.02730654134595
1282 -1.02730654134595
1283 -1.02730654134595
1284 -1.02730654134595
1285 0.757243273885852
1286 -1.02730654134595
1287 -1.02730654134595
1288 -1.02730654134595
1289 -1.02730654134595
1290 -1.02730654134595
1291 -1.02730654134595
1292 -1.02730654134595
1293 -1.02730654134595
1294 -1.02730654134595
1295 -1.02730654134595
1296 -1.02730654134595
1297 -1.02730654134595
1298 -1.02730654134595
1299 -1.02730654134595
1300 -1.02730654134595
1301 -1.02730654134595
1302 -1.02730654134595
1303 -1.02730654134595
1304 -1.02730654134595
1305 -1.02730654134595
1306 -1.02730654134595
1307 -1.02730654134595
1308 -1.02730654134595
1309 -1.02730654134595
1310 -1.02730654134595
1311 -1.02730654134595
1312 -1.02730654134595
1313 -1.02730654134595
1314 -1.02730654134595
1315 -1.02730654134595
1316 -1.02730654134595
1317 -1.02730654134595
1318 -1.02730654134595
1319 -1.02730654134595
1320 -1.02730654134595
1321 -1.02730654134595
1322 -1.02730654134595
1323 -1.02730654134595
1324 -1.02730654134595
1325 -1.02730654134595
1326 -1.02730654134595
1327 -1.02730654134595
1328 -1.02730654134595
1329 -1.02730654134595
1330 -1.02730654134595
1331 -1.02730654134595
1332 -1.02730654134595
1333 -1.02730654134595
1334 -1.02730654134595
1335 -1.02730654134595
1336 -1.02730654134595
1337 -1.02730654134595
1338 -1.02730654134595
1339 -1.02730654134595
1340 -1.02730654134595
1341 -1.02730654134595
1342 -1.02730654134595
1343 -1.02730654134595
1344 -1.02730654134595
1345 -1.02730654134595
1346 -1.02730654134595
1347 -1.02730654134595
1348 -1.02730654134595
1349 -1.02730654134595
1350 -1.02730654134595
1351 -1.02730654134595
1352 -1.02730654134595
1353 -1.02730654134595
1354 -1.02730654134595
1355 -1.02730654134595
1356 -1.02730654134595
1357 -1.02730654134595
1358 -1.02730654134595
1359 -1.02730654134595
1360 -1.02730654134595
1361 -1.02730654134595
1362 -1.02730654134595
1363 -1.02730654134595
1364 -1.02730654134595
1365 -1.02730654134595
1366 -1.02730654134595
1367 -1.02730654134595
1368 -1.02730654134595
1369 -1.02730654134595
1370 -1.02730654134595
1371 -1.02730654134595
1372 -1.02730654134595
1373 -1.02730654134595
1374 -1.02730654134595
1375 -1.02730654134595
1376 -1.02730654134595
1377 -1.02730654134595
1378 -1.02730654134595
1379 -1.02730654134595
1380 -1.02730654134595
1381 -1.02730654134595
1382 -1.02730654134595
1383 -1.02730654134595
1384 -1.02730654134595
1385 -1.02730654134595
