1 786 0.144635200506337
1 787 -0.445443803911246
2 788 -0.386306385045121
3 128 -0.39770365385231
3 789 -0.212642765908188
3 790 -0.212642765908188
4 5 0.581001999480695
4 38 -0.420434464375558
4 98 -0.432021023270883
4 791 -0.338454410729748
5 87 -0.343798047046444
5 113 -0.343798047046444
6 7 -0.399068313750249
6 14 -0.425193770980716
6 18 0.194123075406516
6 39 -0.238345670458572
6 792 -0.425193770980716
6 793 0.608096903749997
6 270 -0.456906260426616
6 794 -0.434821085799699
6 795 -0.434821085799699
6 796 -0.323149063955957
6 797 -0.419627654292531
6 580 -0.323149063955957
7 13 -0.306054305790867
7 44 0.616383612332881
7 134 -0.331596899227946
7 158 0.467044961603381
7 169 -0.462841898377502
7 391 -0.331596899227946
7 456 0.478300811763258
7 798 -0.331596899227946
7 799 -0.331596899227946
7 800 -0.331596899227946
7 801 -0.331596899227946
7 802 -0.331596899227946
7 803 0.467044961603381
7 804 -0.331596899227946
7 729 -0.331596899227946
7 733 -0.331596899227946
7 737 -0.331596899227946
7 805 -0.331596899227946
7 806 -0.331596899227946
7 741 -0.331596899227946
7 807 -0.331596899227946
8 9 0.194123075406516
8 26 -0.445443803911246
8 33 0.574957389209321
8 180 -0.0964301082576008
8 230 -0.437230107493428
8 396 -0.445443803911246
8 808 -0.194094960577208
8 809 -0.431075449414892
8 810 0.943341800664754
8 811 -0.4544596893522
8 812 -0.445443803911246
8 613 -0.0964301082576008
8 813 -0.0964301082576008
8 814 -0.445443803911246
8 815 -0.0964301082576008
8 678 1.12303476995501
8 816 -0.398688154376902
8 817 1.12303476995501
9 49 -0.456482334204005
9 147 -0.25711355756966
9 818 -0.332277312746472
9 819 -0.304628391267694
9 820 -0.450302573768402
9 821 -0.455598437034578
9 555 -0.456482334204005
10 27 -0.402250444643951
10 58 -0.298113671550372
10 95 -0.430879508276819
11 47 0.0806970948345183
11 50 0.322136686553418
11 822 0.0806970948345183
11 823 -0.275458308254708
11 824 -0.42977660289167
11 247 -0.440521806150147
11 300 -0.425158165264331
11 557 -0.462948336670489
11 825 -0.36202468137334
12 826 -0.425981932514258
12 200 -0.347031240767491
12 827 -0.387104821195638
13 45 -0.219237123598099
13 828 -0.402235035196446
13 829 -0.41574434060693
13 830 -0.332751261018519
13 495 -0.462841898377502
14 25 -0.17211082348775
14 39 -0.450138193783084
14 792 -0.396545400589755
14 90 -0.122344427787059
14 142 -0.429910921295942
14 831 -0.304628391267694
15 26 -0.432543460617968
15 34 -0.327866859201429
15 186 -0.356747616821126
15 832 0.569894514705767
15 314 -0.43598000354192
15 833 -0.424961834128361
15 834 -0.402525519627272
15 835 -0.191946262819683
15 453 -0.401453606000174
15 836 -0.424961834128361
16 381 0.253899505028609
17 134 0.0452116858515883
18 54 -0.318031894073971
18 263 0.0209260867911579
19 49 0.136917140536878
19 70 -0.15005018964135
19 118 -0.251477644026656
20 112 -0.402250444643951
20 229 -0.338473285789651
20 837 -0.208534799159115
21 838 -0.445443803911246
22 839 -0.281006547726175
23 840 -0.335015556325076
24 92 -0.420986788565675
24 841 0.436250385200795
25 84 -0.240644535068834
25 842 -0.45849276546768
25 279 0.250364084775148
25 843 -0.410676585740468
25 844 -0.260975975136789
25 845 -0.457661013703482
25 846 0.590671886042562
26 847 -0.270030693256524
26 230 -0.432543460617968
26 276 -0.450082786923342
26 833 -0.445443803911246
26 396 -0.0952732832055101
26 848 -0.351515067079804
26 849 -0.414892768554827
26 850 0.0331636432521601
26 668 -0.0952732832055101
26 851 -0.0952732832055101
26 852 -0.0952732832055101
26 853 -0.0952732832055101
26 854 -0.0952732832055101
26 855 -0.0952732832055101
26 856 -0.0952732832055101
26 857 -0.0952732832055101
26 858 -0.0952732832055101
26 859 -0.0952732832055101
26 860 -0.0952732832055101
26 861 -0.0952732832055101
26 862 -0.0952732832055101
26 863 -0.0952732832055101
26 700 -0.0952732832055101
26 864 -0.0952732832055101
26 865 -0.0952732832055101
26 866 -0.0952732832055101
26 867 -0.0952732832055101
26 868 -0.0952732832055101
27 823 -0.275458308254708
28 869 0.0672087216292498
28 870 -0.353799762476219
29 120 -0.320224235154937
29 276 -0.450082786923342
29 871 -0.465777555467027
29 574 -0.465777555467027
29 872 -0.465777555467027
29 706 -0.278746994752106
30 873 -0.382643491906582
30 870 -0.418798910891644
31 874 -0.411969648562552
32 40 0.569894514705767
32 875 -0.311008971435428
32 155 -0.28368178614422
32 832 0.569894514705767
32 876 -0.231263450810071
33 97 -0.45849276546768
33 167 -0.406277338645483
33 819 -0.323149063955957
33 392 -0.45496150001915
33 421 0.574957389209321
34 54 0.357419964861784
34 877 0.357419964861784
34 272 -0.323826693236447
34 878 0.357419964861784
34 879 -0.355496730191
34 880 -0.459488504243768
34 881 -0.336648495686688
34 882 -0.327866859201429
34 883 0.357419964861784
34 635 -0.355496730191
35 884 -0.227785204896187
36 885 -0.464417488454555
36 797 -0.419627654292531
36 555 -0.456482334204005
36 886 -0.419136083231548
36 715 -0.413605852564194
36 716 -0.413605852564194
36 717 -0.413605852564194
37 93 -0.219237123598099
37 887 -0.362037169971329
38 87 -0.426187455962884
38 400 -0.441223663243241
39 222 0.629257220137322
40 75 -0.465791574755094
40 294 -0.137021397014081
40 888 -0.137021397014081
41 889 0.60806460176614
41 890 -0.403385440395281
42 891 -0.17211082348775
42 892 0.60806460176614
42 893 -0.460624638232147
42 894 -0.351611726818234
43 895 0.60806460176614
43 896 -0.17211082348775
43 325 -0.434183895139557
43 897 -0.0633732963504781
44 134 0.0452116858515883
44 142 0.616383612332881
44 303 0.478300811763258
45 898 -0.362037169971329
45 899 -0.436085241977319
45 523 -0.437441593069336
46 50 -0.14317920715303
46 52 0.322136686553418
46 67 -0.45922580006881
46 139 -0.435309942017802
46 140 -0.419136083231548
46 167 -0.0824353083769677
46 900 0.0521324446105133
46 901 -0.244762882540802
47 52 0.0806970948345183
47 194 -0.462948336670489
48 902 -0.412778158006139
49 903 -0.430847858878225
50 58 -0.399966967144596
50 904 -0.451318596936623
50 458 -0.439594814278351
51 63 0.0181418801865616
51 65 -0.407551313397843
51 231 -0.421438055464247
51 233 -0.434589758290618
51 311 -0.421438055464247
51 905 -0.427311386473347
52 247 -0.0304318632030807
52 906 -0.447710718597273
53 907 -0.428352224774125
53 307 -0.234286442463366
54 230 -0.430477635808579
54 270 -0.17211082348775
54 833 -0.424961834128361
54 908 -0.27357955742039
54 909 -0.401388022236854
54 850 0.0331636432521601
54 643 -0.389509111291035
54 910 -0.389509111291035
55 911 0.13111991513954
55 912 -0.184537840254865
55 913 -0.219237123598099
56 914 -0.306054305790867
56 915 -0.14759031051483
56 264 -0.283579040497322
56 916 -0.465389894582633
56 432 0.467044961603381
56 917 -0.39816552994418
56 918 -0.39816552994418
57 81 -0.327866859201429
57 120 -0.273749075729602
57 180 -0.257242761864571
57 919 -0.426187455962884
57 920 -0.401453606000174
57 921 -0.257242761864571
57 810 0.943341800664754
57 815 -0.0964301082576008
58 922 0.00999526767191509
59 923 -0.289568833029695
59 924 -0.320775060950357
60 872 -0.465777555467027
61 158 0.136917140536878
61 169 -0.462841898377502
61 925 -0.326150642095048
61 926 0.608096903749997
62 927 -0.379074216636264
62 219 -0.273625366518628
62 928 -0.293575808373827
62 929 -0.319554106109525
62 478 -0.386955093343862
63 67 0.620869526082439
63 930 -0.106119901315427
63 900 0.255910428429001
63 187 0.255910428429001
63 906 0.255910428429001
63 435 -0.456366984885669
64 89 -0.272717484108194
64 931 -0.362037169971329
64 932 -0.449603373863357
64 231 -0.421438055464247
65 184 -0.418257693182378
65 209 -0.380277568905471
65 933 0.736998030299095
65 380 0.736998030299095
65 934 -0.462948336670489
66 68 -0.29599667610741
66 111 -0.432789501633856
66 935 -0.413568844991105
66 936 -0.419136083231548
67 117 -0.419136083231548
67 122 0.601698195167495
67 900 0.255910428429001
67 899 -0.436085241977319
68 421 0.574957389209321
69 498 -0.446439300656675
69 499 -0.446439300656675
69 504 -0.446439300656675
69 512 -0.446439300656675
70 792 -0.462923196072135
70 795 -0.434821085799699
70 845 -0.210535582245603
70 846 -0.210535582245603
71 119 -0.0620842034886159
71 937 0.365692198211945
72 823 -0.36202468137334
72 938 -0.417729090635896
72 194 -0.462948336670489
72 939 -0.462948336670489
72 321 -0.36202468137334
72 940 -0.462948336670489
72 941 -0.440521806150147
72 405 -0.105348851762209
72 942 -0.462948336670489
72 527 -0.36202468137334
72 943 -0.462948336670489
72 944 -0.462948336670489
72 934 -0.462948336670489
72 557 -0.462948336670489
72 945 -0.462948336670489
72 946 -0.36202468137334
72 947 -0.462948336670489
72 948 -0.462948336670489
72 949 -0.36202468137334
73 137 -0.354416300741954
74 121 -0.16584448268951
74 950 -0.331357090386498
74 951 -0.375801729907997
74 188 -0.331357090386498
74 952 -0.178358333971014
74 953 -0.450287414661615
74 954 -0.458537780109832
75 150 0.36550609052378
75 955 -0.323408755626434
76 912 -0.184537840254865
76 956 0.60806460176614
76 957 -0.184537840254865
76 958 -0.20550988485681
77 261 -0.261800273168984
77 959 -0.14759031051483
78 960 -0.180478326989454
78 301 -0.448433760731753
78 939 -0.462948336670489
78 961 -0.180478326989454
78 458 -0.180478326989454
79 170 -0.452019436980879
79 217 -0.275458308254708
79 962 -0.392427053117787
79 963 -0.464388124258942
79 964 -0.343657410844022
79 965 -0.343657410844022
80 103 -0.0620842034886159
80 716 -0.413605852564194
81 180 -0.461995144869487
81 919 -0.414178678737816
81 920 -0.320224235154937
82 98 -0.234217826425921
82 113 -0.320775060950357
82 208 -0.320775060950357
83 291 -0.43293483491315
83 966 -0.194094960577208
83 811 -0.370378912352268
84 437 -0.309446322124918
85 189 -0.385542709073912
85 967 -0.320775060950357
86 127 -0.050332037209494
86 881 -0.336648495686688
86 968 0.281816975605337
86 969 -0.261800273168984
86 722 0.0452116858515883
87 877 0.357419964861784
87 878 0.357419964861784
88 455 -0.406111054570742
88 970 -0.406111054570742
88 971 -0.406111054570742
88 972 -0.406111054570742
89 93 0.827381973843963
89 115 0.827381973843963
89 181 -0.272717484108194
89 226 -0.437038057541117
89 231 -0.387065817274105
89 332 0.827381973843963
89 973 0.827381973843963
89 632 0.827381973843963
90 147 -0.397421549077306
90 974 -0.397421549077306
90 816 -0.398688154376902
91 139 0.322136686553418
91 944 -0.462948336670489
92 975 -0.251139636292341
93 109 -0.400624665480052
93 166 0.827381973843963
93 184 -0.123380937322465
93 226 -0.123380937322465
93 271 0.827381973843963
93 933 0.736998030299095
93 976 -0.451985569745463
93 380 0.736998030299095
93 973 -0.387065817274105
93 977 -0.387065817274105
93 978 -0.387065817274105
93 979 -0.387065817274105
93 980 -0.400624665480052
93 981 -0.400624665480052
94 184 -0.123380937322465
94 933 -0.123380937322465
94 982 -0.442402784876704
94 983 -0.442402784876704
95 984 -0.435704342262765
96 131 -0.420986788565675
97 842 -0.45849276546768
98 791 0.36550609052378
98 466 -0.234217826425921
99 116 -0.22251263376938
100 985 -0.289568833029695
101 326 -0.41574434060693
101 986 -0.402235035196446
102 987 -0.440521806150147
103 988 -0.451598011099654
104 293 0.287806859148926
104 989 0.0551793942577528
104 990 -0.412165098545367
104 991 -0.452785810524127
105 992 -0.294885532907498
106 164 -0.176098236630859
106 166 -0.272717484108194
106 311 -0.421438055464247
106 509 -0.272717484108194
107 993 -0.380277568905471
107 994 -0.351646541267203
107 525 -0.351646541267203
107 602 -0.351646541267203
107 995 -0.351646541267203
107 996 -0.442349710121486
108 997 -0.354938545387634
109 152 -0.400624665480052
109 207 -0.376253790836759
109 300 -0.425158165264331
109 405 -0.105348851762209
109 998 0.341779417498259
110 122 0.00999526767191509
110 222 -0.297551132513044
110 999 -0.461836269493452
110 1000 -0.450302573768402
111 117 -0.396944651828138
111 163 -0.105360231601997
112 1001 -0.208534799159115
113 1002 -0.456114273831321
113 581 -0.343798047046444
114 1003 -0.388923995702224
115 1004 -0.050332037209494
115 1005 -0.189220156593853
115 1006 -0.189220156593853
115 1007 -0.189220156593853
115 1008 -0.189220156593853
115 1009 -0.189220156593853
115 1010 -0.189220156593853
116 303 0.478300811763258
116 456 0.478300811763258
116 540 0.478300811763258
116 585 0.478300811763258
116 589 0.478300811763258
116 591 0.478300811763258
116 593 0.478300811763258
116 597 0.478300811763258
116 599 0.478300811763258
117 146 -0.451946199371914
118 159 0.13111991513954
119 715 -0.413605852564194
120 920 -0.320224235154937
120 613 -0.0964301082576008
121 1011 -0.418674838728732
122 999 -0.461836269493452
123 1012 -0.320775060950357
123 1013 -0.320775060950357
124 1014 0.569894514705767
124 1015 -0.445443803911246
125 1016 -0.0304318632030807
126 1017 -0.458530210523555
127 599 0.478300811763258
127 1018 -0.405631556400086
128 149 -0.212642765908188
128 202 -0.212642765908188
129 297 -0.453942268391446
129 1019 -0.320775060950357
130 848 -0.414892768554827
131 209 -0.332277312746472
132 1020 -0.440521806150147
133 1002 -0.320775060950357
133 1021 -0.320775060950357
134 225 0.140583589877532
134 284 -0.451144826913053
134 1022 0.136917140536878
135 138 0.166071395410013
135 1023 -0.400187616591637
136 181 -0.257633839417064
136 301 -0.448433760731753
136 905 -0.427311386473347
137 229 -0.412896952440995
137 505 -0.440290030906984
137 521 -0.440290030906984
137 1024 -0.440290030906984
137 1025 -0.440290030906984
137 625 -0.440290030906984
137 626 -0.440290030906984
137 1026 -0.457574835526155
138 446 -0.450088720757457
139 907 -0.43921969423934
140 187 0.255910428429001
140 936 -0.45922580006881
141 203 -0.450530900691067
141 1027 -0.277267240114517
141 1028 -0.189220156593853
142 915 -0.14759031051483
142 1029 -0.366318568468589
143 160 -0.44784297384347
143 1030 -0.451772719504321
144 832 -0.324683446927229
144 1031 -0.403991752019904
145 932 -0.154922632198301
146 987 -0.0304318632030807
147 974 -0.397421549077306
148 987 -0.419227354211317
149 789 -0.39770365385231
150 240 0.36550609052378
150 1032 -0.291623558484593
151 968 0.281816975605337
152 1033 0.341779417498259
153 201 -0.456482334204005
153 1034 -0.372245789097186
154 307 -0.308061143420147
154 1035 -0.465511334404173
154 1036 -0.308061143420147
155 844 -0.260975975136789
155 1037 -0.236140800306212
156 1038 -0.323149063955957
156 871 -0.465777555467027
157 167 0.322136686553418
157 1039 -0.427504168327693
158 169 -0.0811987239127961
158 1040 0.140583589877532
159 1041 -0.332277312746472
159 957 -0.184537840254865
159 1042 0.569894514705767
160 842 -0.45849276546768
161 1043 -0.44911166102933
162 1044 0.0331636432521601
163 904 -0.387962245023767
164 1045 -0.451259854355287
164 1033 -0.451259854355287
165 298 -0.453587043411906
166 181 -0.272717484108194
166 226 -0.442402784876704
166 1046 -0.455805323410369
166 880 -0.440560436044546
166 978 0.827381973843963
167 170 -0.447190379057475
168 450 0.60806460176614
169 182 0.435473897245881
170 837 -0.335200499960053
171 976 -0.451985569745463
172 191 -0.227976193593388
173 1047 -0.320775060950357
174 175 -0.215207463342776
175 1048 -0.432704298379782
176 1049 -0.446404168631646
176 1050 0.0672087216292498
176 1051 -0.465203959696687
177 232 -0.0620842034886159
177 1052 -0.281165797608109
178 1053 -0.277267240114517
179 196 0.437683746070281
179 1054 -0.050332037209494
179 1055 -0.375777872522128
180 921 -0.257242761864571
180 1056 -0.0964301082576008
181 226 0.341779417498259
181 233 -0.22251263376938
182 286 -0.323255187830562
183 1057 -0.424912567495304
184 226 -0.123380937322465
185 211 -0.156640168379836
185 1058 -0.101425743327226
186 268 -0.465755706300306
187 936 0.0521324446105133
188 241 0.648286365441704
188 953 -0.450287414661615
188 1059 -0.46258783233637
189 967 -0.331908495839623
190 269 -0.22051985054033
190 551 -0.189220156593853
190 1060 -0.189220156593853
191 1061 -0.44911166102933
191 1062 -0.44911166102933
191 1063 -0.32130643746889
192 826 -0.294731021620015
193 1064 -0.404922502329341
194 940 -0.462948336670489
195 563 -0.17211082348775
196 1065 -0.050332037209494
197 804 -0.331596899227946
198 1045 -0.451259854355287
199 1066 -0.426571100210556
200 1067 -0.347031240767491
201 261 -0.346889084894063
201 1068 -0.346889084894063
202 790 -0.39770365385231
203 1069 -0.277267240114517
203 1070 -0.189220156593853
204 1037 -0.236140800306212
205 1071 -0.420986788565675
205 848 -0.351515067079804
205 1072 -0.440521806150147
206 1073 -0.412778158006139
207 932 -0.376253790836759
207 1074 -0.411632237674344
208 1021 -0.456114273831321
209 906 0.255910428429001
210 1072 -0.440521806150147
211 1058 -0.444660987938817
212 1075 1.1949700516982
212 1076 -0.445195807044174
213 1077 -0.354416300741954
213 1078 -0.457574835526155
214 1079 -0.277267240114517
215 1080 -0.219237123598099
216 1081 -0.17211082348775
217 1082 1.1949700516982
218 1083 -0.328825385417671
218 1084 -0.398445222240169
219 1085 0.0189477771425817
220 234 -0.338473285789651
221 440 -0.283579040497322
222 999 -0.464563661000542
223 1086 0.674681303635867
224 1087 -0.332277312746472
225 1088 -0.264632307119832
226 933 -0.123380937322465
226 380 -0.123380937322465
226 491 -0.170826958508632
227 1089 -0.219237123598099
228 1090 0.60806460176614
229 470 -0.338473285789651
230 364 -0.430477635808579
231 973 -0.387065817274105
231 977 -0.387065817274105
232 717 -0.413605852564194
233 933 -0.346481483682846
234 1078 -0.412896952440995
235 1091 -0.465345696213125
235 1092 -0.339082582347578
236 362 -0.444737701442716
237 1093 -0.440521806150147
238 1094 0.322136686553418
239 1095 -0.323826693236447
240 913 -0.385891486041468
241 281 0.57731785732309
242 1096 -0.362037169971329
243 1097 -0.277267240114517
244 1098 -0.189220156593853
244 1099 -0.189220156593853
244 1100 -0.189220156593853
245 897 -0.0633732963504781
246 1101 -0.412778158006139
247 1102 0.322136686553418
247 943 -0.462948336670489
248 1103 -0.332277312746472
249 1104 -0.332277312746472
250 607 -0.386399595713257
250 1105 -0.314319230372341
251 687 -0.189220156593853
251 688 -0.189220156593853
252 1106 -0.142842034813126
253 1107 -0.450088720757457
254 1045 0.341779417498259
254 881 -0.456051083240948
254 980 -0.400624665480052
255 1108 -0.402250444643951
255 1109 -0.377563248317491
256 1110 -0.429875043769676
257 297 -0.384193564813862
258 442 -0.142842034813126
259 1111 -0.463727970190251
260 1112 -0.106119901315427
261 1040 -0.264632307119832
261 1068 -0.346889084894063
261 1113 -0.264632307119832
262 1106 -0.451822212451975
263 1114 0.0209260867911579
264 1115 -0.264632307119832
265 1116 -0.44911166102933
266 1117 -0.384877928363073
267 1118 -0.331908495839623
268 275 -0.432750833213765
269 536 -0.189220156593853
269 552 -0.189220156593853
270 1119 0.608096903749997
271 1120 0.827381973843963
272 1000 -0.450754351197333
273 1115 -0.285842535172777
274 1121 0.0444003805334018
275 280 -0.330037170902677
276 1122 -0.362037169971329
277 433 -0.409297879744074
278 1123 -0.439351500690059
279 678 1.12303476995501
279 817 1.12303476995501
280 1124 -0.361076036054334
281 356 -0.297227506294387
282 1125 -0.43293483491315
283 1124 -0.381140337731427
284 1126 -0.264632307119832
285 1127 0.0521324446105133
286 952 -0.406093161598578
287 1128 -0.113109845666012
288 428 -0.392427053117787
288 521 -0.392427053117787
288 1129 -0.224678495849781
288 624 -0.392427053117787
288 1001 -0.384778566829874
289 1130 0.03015152390586
290 1131 -0.332277312746472
291 471 -0.370378912352268
292 1132 -0.219237123598099
292 1133 -0.412778158006139
293 299 -0.0364208877266658
293 1134 0.0551793942577528
294 809 -0.431075449414892
295 1094 -0.399966967144596
296 706 -0.278746994752106
297 1019 -0.331908495839623
298 1135 -0.285842535172777
299 454 -0.460754939862061
299 1136 0.482376449402123
299 1137 0.0551793942577528
300 321 -0.36202468137334
301 319 0.0364349640161715
301 1138 -0.390452638572686
301 483 -0.464512186510317
302 320 -0.424882503985176
302 1139 -0.464563661000542
302 1140 -0.464563661000542
302 667 0.139451871904211
302 672 0.139451871904211
302 1141 -0.464563661000542
302 1142 -0.464563661000542
303 1143 0.478300811763258
303 586 0.478300811763258
303 1144 0.478300811763258
303 1145 0.478300811763258
303 594 0.478300811763258
303 1146 0.478300811763258
303 1147 0.478300811763258
303 1148 0.0452116858515883
304 387 -0.363533653519655
304 477 -0.157918726245465
305 882 -0.327866859201429
306 316 -0.34775844112396
307 1036 -0.308061143420147
308 1149 -0.452785810524127
308 1150 -0.189220156593853
309 1151 -0.402949404395905
310 972 -0.406111054570742
311 978 -0.387065817274105
311 979 -0.387065817274105
312 1152 -0.451631541452328
313 1153 -0.430283315872587
314 375 -0.43598000354192
315 1154 -0.179370278037462
315 1155 -0.179370278037462
316 1154 -0.239189834823174
316 320 -0.433117629542395
316 491 -0.170826958508632
316 1156 -0.433117629542395
317 1157 -0.140728756758249
318 1158 -0.424141711280547
319 491 -0.320944193803597
319 1159 -0.354706043206034
320 1160 -0.179370278037462
320 1156 -0.433117629542395
321 505 -0.440290030906984
321 942 -0.462948336670489
321 1161 1.1949700516982
321 624 -0.392427053117787
322 1162 -0.40195631972855
323 1163 -0.0508429427558831
324 796 -0.323149063955957
325 1164 -0.434183895139557
326 1165 -0.41574434060693
327 1166 -0.362037169971329
328 1167 -0.189220156593853
328 1168 -0.189220156593853
329 1169 -0.350031474936099
330 537 -0.268488203228764
330 1170 0.0331636432521601
331 475 -0.452721036230706
331 1171 -0.452721036230706
332 1172 -0.050332037209494
332 1173 -0.189220156593853
332 1174 -0.189220156593853
333 1175 -0.189220156593853
334 1176 -0.386399595713257
334 1177 -0.314319230372341
335 876 -0.231263450810071
336 437 -0.309446322124918
337 843 -0.410676585740468
338 908 -0.27357955742039
339 392 -0.45496150001915
340 808 -0.194094960577208
341 834 -0.402525519627272
342 958 -0.20550988485681
343 1052 -0.281165797608109
344 937 0.365692198211945
345 840 -0.335015556325076
346 400 -0.441223663243241
346 1178 -0.441223663243241
347 894 -0.351611726818234
348 966 -0.194094960577208
349 879 -0.355496730191
350 992 -0.294885532907498
351 890 -0.403385440395281
352 988 -0.451598011099654
353 1179 0.36550609052378
354 1180 -0.439536306717007
355 1181 -0.411783190059678
356 1182 0.0551793942577528
356 1183 0.141791529088289
357 705 -0.320775060950357
358 661 0.0551793942577528
359 750 -0.461537455124173
360 1184 -0.34766627510235
361 1185 0.0551793942577528
362 918 -0.39816552994418
363 425 -0.261800273168984
364 1186 -0.430477635808579
365 669 0.141791529088289
366 1187 -0.261800273168984
367 1188 -0.452785810524127
368 1189 -0.432704298379782
369 1190 0.104627337744603
370 399 -0.195308910538444
371 1191 -0.304628391267694
372 1192 -0.420997350077044
372 397 -0.371375064023597
373 1193 -0.449187132958569
374 1194 -0.050332037209494
375 1195 -0.458530210523555
376 431 -0.386399595713257
376 1196 -0.314319230372341
377 1197 -0.125291867059577
378 936 -0.37925572499923
378 1198 -0.447710718597273
379 1199 -0.163910436072706
380 1200 -0.346481483682846
381 1201 -0.406907252358307
382 1202 0.482376449402123
383 1203 -0.445443803911246
384 795 -0.439351500690059
385 1204 -0.332277312746472
386 841 0.436250385200795
387 564 0.581001999480695
387 565 -0.453171308622174
388 1205 -0.319554106109525
389 762 -0.236109879697941
390 1206 -0.398334056065775
390 1207 -0.398334056065775
390 1208 -0.398334056065775
390 1209 -0.398334056065775
391 1210 0.140583589877532
392 1211 -0.24674556753295
393 1212 -0.323408755626434
394 841 0.436250385200795
395 1213 -0.415336497953025
396 836 -0.445443803911246
397 513 -0.464340333677387
397 1214 -0.28611206875453
397 1215 -0.28611206875453
398 492 -0.0789300203657709
398 750 -0.461537455124173
399 1216 0.581001999480695
400 1217 -0.413518577142319
401 812 -0.445443803911246
402 554 -0.444737701442716
403 1218 -0.332277312746472
404 1219 -0.261800273168984
405 948 -0.462948336670489
405 1025 -0.440290030906984
406 1220 -0.428305689940141
406 1018 -0.405631556400086
407 1221 -0.332277312746472
408 1222 0.552999922918345
408 1152 -0.451631541452328
409 1223 -0.399617540710491
410 1224 -0.362037169971329
411 849 -0.414892768554827
412 419 -0.283579040497322
413 425 -0.13594046116867
414 1225 -0.332277312746472
415 1226 -0.432789501633856
416 1227 0.0189477771425817
417 1228 -0.420112051025224
418 1229 -0.050332037209494
419 1029 -0.366318568468589
419 1230 -0.264632307119832
419 807 -0.331596899227946
420 829 -0.41574434060693
421 453 -0.401453606000174
422 435 -0.444608250739608
423 1231 -0.442402784876704
423 1232 -0.442402784876704
423 1233 0.341779417498259
424 1234 -0.277267240114517
425 543 -0.264632307119832
426 1235 -0.323149063955957
427 1236 -0.050332037209494
428 942 -0.392427053117787
428 1129 -0.224678495849781
429 1204 0.13111991513954
430 1237 -0.35218744299794
431 1196 -0.457188934821397
432 1238 0.140583589877532
433 1238 -0.264632307119832
433 1239 -0.283579040497322
434 1240 0.629257220137322
435 1241 -0.444608250739608
436 1242 -0.401453606000174
436 508 0.590671886042562
437 1243 -0.24674556753295
438 1244 -0.354416300741954
439 509 -0.442402784876704
440 618 -0.264632307119832
441 910 -0.389509111291035
442 909 -0.401388022236854
443 884 -0.227785204896187
444 1245 0.289074208922574
445 1246 -0.427426894112228
446 1247 -0.450088720757457
446 523 -0.437441593069336
447 947 -0.462948336670489
448 1248 -0.394361518132585
449 1249 -0.163910436072706
450 1250 -0.412778158006139
451 830 -0.442402784876704
452 1251 -0.397260276731794
453 473 -0.401453606000174
454 558 0.0551793942577528
455 1252 -0.406111054570742
456 1143 0.478300811763258
457 502 -0.416100241671007
458 1253 -0.450498198808038
459 963 -0.464388124258942
460 496 -0.381879764287941
461 1254 0.538012504300543
462 909 -0.142842034813126
463 1255 -0.426187455962884
464 970 -0.406111054570742
465 1256 -0.282191998132787
466 485 -0.421748566986553
467 1257 -0.420400748842777
468 486 0.478300811763258
468 585 0.478300811763258
469 1258 -0.428305689940141
470 1026 -0.412896952440995
471 1259 -0.4544596893522
472 830 0.425098885163905
472 1232 0.827381973843963
473 1242 -0.462024725406919
474 1260 -0.407853000451143
474 1261 -0.249346803294654
475 501 -0.452721036230706
475 1262 -0.432021023270883
476 517 -0.46393385984163
476 1263 -0.22051985054033
477 1264 -0.455832558657258
478 482 -0.452778952892446
479 1265 -0.275458308254708
480 1266 -0.463110076997652
480 1059 -0.451817400329327
481 515 0.482376449402123
481 517 0.482376449402123
482 610 -0.422209318821219
483 1159 -0.450498198808038
483 1267 -0.465976101425967
484 1268 -0.332277312746472
485 1269 -0.141406439813548
486 1143 0.478300811763258
487 1145 0.478300811763258
487 592 0.478300811763258
488 1144 0.478300811763258
488 590 0.478300811763258
489 1147 0.478300811763258
489 598 0.478300811763258
490 509 0.827381973843963
491 617 -0.312927003290082
491 1270 0.0378951355851962
492 1271 -0.461537455124173
492 1272 -0.339243743677036
492 751 -0.104373109847547
493 1273 -0.444660987938817
494 1274 -0.310975158876187
495 741 -0.462841898377502
496 1275 -0.273749075729602
496 846 -0.210535582245603
497 1276 -0.369114010519455
498 1277 -0.446439300656675
499 1278 -0.446439300656675
500 1146 0.478300811763258
500 596 0.478300811763258
501 1171 -0.452721036230706
502 1279 -0.416100241671007
503 1280 -0.398334056065775
504 1281 -0.446439300656675
505 521 -0.392427053117787
506 616 -0.2712709714566
507 1282 -0.407148482673126
508 846 0.590671886042562
509 1283 -0.272717484108194
510 1284 -0.465552803809803
510 1285 1.1949700516982
511 1286 -0.266367063505375
512 1287 -0.446439300656675
513 1288 -0.453106421732019
514 1289 -0.2712709714566
515 1290 0.482376449402123
516 526 -0.388192313303208
517 1290 0.482376449402123
518 1291 -0.458410718909583
519 523 -0.106119901315427
520 1292 0.840519649902825
521 527 -0.36202468137334
521 624 -0.440290030906984
522 1293 -0.244228698456434
523 1294 -0.437441593069336
524 1295 -0.458410718909583
525 1296 -0.351646541267203
526 1297 0.328239048540808
527 1024 -0.407148482673126
527 949 -0.446046043093654
528 1298 -0.406798941375648
529 1299 -0.465345696213125
530 1300 -0.459874673289635
531 1301 0.502609571010932
531 1302 -0.406798941375648
532 1303 -0.189220156593853
533 1304 -0.22051985054033
534 1183 -0.383342012869938
534 712 0.482376449402123
534 1305 0.0551793942577528
535 1136 -0.460754939862061
536 1060 -0.22051985054033
537 636 -0.320008450993948
538 1306 -0.432704298379782
539 1307 0.0776619907133008
540 1308 0.478300811763258
540 1146 0.478300811763258
541 798 0.140583589877532
541 969 -0.264632307119832
542 799 0.140583589877532
542 1219 -0.264632307119832
543 800 0.140583589877532
544 801 0.140583589877532
544 1309 -0.264632307119832
545 802 0.140583589877532
545 1187 -0.264632307119832
546 803 0.140583589877532
546 1310 -0.264632307119832
547 1310 -0.261800273168984
548 1309 -0.261800273168984
549 1311 -0.13594046116867
550 1312 -0.22051985054033
551 1313 -0.412778158006139
552 1314 -0.412778158006139
553 1178 -0.441223663243241
553 1315 -0.420434464375558
553 582 -0.426187455962884
554 917 -0.39816552994418
555 1316 -0.456482334204005
556 825 -0.36202468137334
557 945 -0.462948336670489
558 1137 -0.460754939862061
559 1268 -0.362037169971329
560 561 -0.194302824829219
561 917 0.140583589877532
562 1317 -0.194302824829219
562 918 0.140583589877532
563 1318 -0.396545400589755
564 565 0.581001999480695
565 1319 0.581001999480695
566 567 -0.362037169971329
566 1320 -0.412778158006139
567 569 -0.219237123598099
568 1321 -0.372932577356061
569 1322 -0.412778158006139
570 1133 -0.219237123598099
571 1322 -0.219237123598099
572 1323 -0.332277312746472
573 1324 0.60806460176614
574 1324 -0.465777555467027
575 1325 0.166071395410013
576 814 -0.445443803911246
577 982 -0.442402784876704
578 983 -0.442402784876704
578 1326 -0.154922632198301
579 1327 -0.418798910891644
579 1328 -0.418798910891644
580 1329 -0.445443803911246
580 583 -0.323149063955957
581 582 -0.343798047046444
582 883 0.357419964861784
583 1330 0.0331636432521601
584 836 -0.424961834128361
585 586 0.478300811763258
586 587 0.478300811763258
587 588 0.478300811763258
588 589 0.478300811763258
589 1144 0.478300811763258
590 591 0.478300811763258
591 1145 0.478300811763258
591 1331 -0.388981260241945
592 593 0.478300811763258
593 594 0.478300811763258
594 595 0.478300811763258
595 1308 0.478300811763258
596 597 0.478300811763258
597 1147 0.478300811763258
598 599 0.478300811763258
599 1148 0.0452116858515883
600 1332 -0.361076036054334
601 1333 -0.354938545387634
602 1334 -0.351646541267203
603 1335 -0.428015947476061
604 1336 -0.432704298379782
605 1337 -0.428015947476061
606 1338 -0.432704298379782
607 1105 -0.457188934821397
608 1339 -0.219237123598099
609 971 -0.406111054570742
610 1340 -0.452627650914964
611 1341 -0.446439300656675
612 1342 -0.4506559110509
612 1343 -0.191344365924203
613 813 -0.0964301082576008
614 1259 -0.4544596893522
615 1259 -0.17211082348775
616 686 -0.189220156593853
616 691 -0.189220156593853
617 1159 0.596229250060211
618 619 -0.285842535172777
619 1204 0.140583589877532
620 1344 -0.450754351197333
621 1345 -0.380277568905471
622 1033 -0.451259854355287
623 1346 -0.457492795655229
624 949 -0.36202468137334
625 626 -0.440290030906984
626 1347 -0.407148482673126
627 687 -0.271007126429412
627 688 -0.271007126429412
628 1348 -0.457188934821397
629 1341 -0.446439300656675
630 964 -0.343657410844022
631 1349 -0.302187797827016
632 1350 -0.050332037209494
633 1351 -0.050332037209494
634 1352 -0.050332037209494
635 1353 -0.355496730191
636 1354 -0.320008450993948
637 1355 -0.354938545387634
638 1356 -0.189220156593853
639 641 -0.362037169971329
640 1357 -0.362037169971329
641 1358 -0.332277312746472
642 1357 -0.332277312746472
643 1359 -0.389509111291035
644 1360 -0.332277312746472
644 649 -0.189220156593853
645 1361 -0.189220156593853
645 1362 -0.189220156593853
645 866 -0.0952732832055101
646 756 -0.189220156593853
646 1363 -0.189220156593853
646 768 -0.189220156593853
646 1364 -0.189220156593853
647 1365 -0.189220156593853
648 1366 -0.362037169971329
648 1367 -0.219237123598099
649 1368 -0.189220156593853
649 1369 -0.189220156593853
650 663 -0.41574434060693
650 1370 -0.189220156593853
650 1371 -0.189220156593853
650 1372 -0.41574434060693
651 1373 -0.398334056065775
652 1276 -0.291623558484593
653 681 -0.189220156593853
654 1374 -0.189220156593853
654 694 -0.189220156593853
654 695 -0.189220156593853
655 1375 -0.189220156593853
655 749 -0.189220156593853
656 1376 -0.219237123598099
656 851 -0.0952732832055101
656 1377 -0.362037169971329
657 752 -0.0789300203657709
658 1378 -0.289568833029695
658 1379 -0.451772719504321
659 706 -0.278746994752106
660 1380 -0.362037169971329
661 1381 0.287806859148926
662 1382 0.140583589877532
663 1371 -0.41574434060693
664 1383 -0.335068184054688
665 868 -0.0952732832055101
666 995 -0.351646541267203
666 744 -0.41574434060693
666 754 -0.41574434060693
667 1384 0.139451871904211
668 768 -0.0952732832055101
669 1385 -0.383342012869938
670 1385 -0.460754939862061
670 707 0.482376449402123
671 709 0.482376449402123
672 1384 0.139451871904211
673 1371 -0.41574434060693
674 1386 -0.264632307119832
675 1386 -0.264632307119832
676 981 -0.400624665480052
677 1387 -0.419136083231548
678 817 1.12303476995501
679 1388 -0.41574434060693
679 1389 -0.41574434060693
680 1390 -0.398334056065775
681 1391 -0.189220156593853
681 1392 -0.189220156593853
682 689 -0.189220156593853
682 690 -0.189220156593853
683 1393 -0.362037169971329
684 1210 -0.264632307119832
685 1394 -0.189220156593853
686 1395 -0.189220156593853
687 852 -0.0952732832055101
688 853 -0.0952732832055101
688 854 -0.0952732832055101
689 1396 -0.271007126429412
689 857 -0.0952732832055101
689 858 -0.0952732832055101
690 855 -0.0952732832055101
690 856 -0.0952732832055101
691 1397 -0.189220156593853
692 1398 -0.271007126429412
692 859 -0.0952732832055101
693 1399 -0.271007126429412
693 860 -0.0952732832055101
694 696 -0.271007126429412
695 861 -0.0952732832055101
696 1400 -0.189220156593853
696 862 -0.0952732832055101
697 865 -0.0952732832055101
698 863 -0.0952732832055101
699 864 -0.0952732832055101
700 865 -0.0952732832055101
701 867 -0.0952732832055101
702 1401 0.328239048540808
703 1402 -0.372381903399385
704 1403 -0.266367063505375
705 1404 -0.320775060950357
706 1269 -0.112154931011119
707 1405 -0.0364208877266658
707 708 -0.0364208877266658
708 1185 0.287806859148926
709 1381 -0.0364208877266658
710 1406 -0.277267240114517
711 1407 -0.277267240114517
712 1304 -0.46393385984163
713 1408 -0.318031894073971
714 1409 -0.458530210523555
714 1410 -0.413605852564194
714 1411 -0.413605852564194
714 1412 -0.413605852564194
714 1316 -0.456482334204005
715 1410 -0.413605852564194
716 1411 -0.413605852564194
717 1412 -0.413605852564194
718 1413 -0.271007126429412
719 1414 -0.261800273168984
720 1415 -0.261800273168984
721 806 -0.331596899227946
722 723 -0.451144826913053
723 1055 -0.306007770956884
724 725 -0.388981260241945
725 1416 -0.458530210523555
726 727 -0.261800273168984
727 728 -0.264632307119832
728 729 0.140583589877532
729 730 -0.331596899227946
730 731 -0.261800273168984
731 732 -0.264632307119832
732 733 0.140583589877532
733 734 -0.331596899227946
734 735 -0.261800273168984
735 736 -0.264632307119832
736 737 0.140583589877532
737 1417 -0.331596899227946
738 805 -0.411428024509146
739 806 -0.411428024509146
740 1418 -0.189220156593853
740 1419 -0.189220156593853
740 767 -0.444660987938817
741 1420 -0.331596899227946
742 743 -0.264632307119832
743 807 0.140583589877532
744 1421 -0.41574434060693
745 1422 -0.189220156593853
746 747 -0.362037169971329
747 1423 -0.219237123598099
748 1424 -0.362037169971329
749 1425 -0.189220156593853
750 1271 -0.0789300203657709
751 752 -0.358932170925325
752 1426 -0.461537455124173
753 1379 -0.398445222240169
754 1427 -0.41574434060693
755 1428 -0.239485193622733
756 1429 -0.189220156593853
757 1430 -0.432704298379782
758 1431 -0.428015947476061
759 1432 -0.398334056065775
760 1433 -0.398334056065775
761 1434 -0.398334056065775
762 763 -0.236109879697941
763 1435 -0.236109879697941
764 765 -0.189220156593853
764 769 -0.189220156593853
765 766 -0.271007126429412
766 1436 -0.189220156593853
767 1437 -0.189220156593853
767 1438 -0.189220156593853
768 1439 -0.271007126429412
769 1440 -0.271007126429412
770 965 -0.343657410844022
771 1441 -0.428015947476061
772 773 -0.249161490980442
773 1442 -0.413568844991105
774 1443 -0.411548560279632
775 1059 -0.46258783233637
776 996 -0.442349710121486
777 1444 -0.317559078891024
778 1445 -0.411643549043111
779 780 -0.25653753638219
779 781 -0.399284159647364
780 1446 -0.43486473904862
781 1447 -0.399284159647364
782 1446 -0.420033973001876
783 1448 -0.445151059765427
784 785 0.41902736230732
784 1449 0.41902736230732
785 1449 0.41902736230732
