1 -0.142171839174009
2 -0.142171839174009
3 0.811487246906754
4 0.730589865785827
5 0.409798419737728
6 0.78985910130496
7 0.0770029997136376
8 1.29928837510175
9 0.417492230809663
10 0.0457502168134744
11 0.505204045234468
12 -0.142171839174009
13 -0.142171839174009
14 -0.142171839174009
15 0.521153425820472
16 -0.142171839174009
17 -0.142171839174009
18 0.656737636231582
19 1.56982486270536
20 0.318449235211131
21 -0.142171839174009
22 -0.142171839174009
23 1.32139303409733
24 -0.142171839174009
25 1.08117898734765
26 1.22516173897173
27 -0.142171839174009
28 -0.142171839174009
29 -0.142171839174009
30 -0.142171839174009
31 0.311838281861098
32 1.38430733918149
33 1.42956900820958
34 1.32399261526116
35 -0.142171839174009
36 0.159899925882062
37 -0.142171839174009
38 1.28677206343099
39 0.135856476739069
40 1.41059654271592
41 1.37375765012191
42 1.1935766637353
43 1.16950172161755
44 -0.142171839174009
45 -0.142171839174009
46 0.0851359474001172
47 -0.142171839174009
48 -0.142171839174009
49 -0.142171839174009
50 -0.142171839174009
51 0.157221347433541
52 -0.142171839174009
53 1.19559676049906
54 0.668285774978136
55 0.407919704692558
56 -0.142171839174009
57 -0.142171839174009
58 0.20456149343484
59 0.947088815547774
60 -0.142171839174009
61 -0.142171839174009
62 -0.142171839174009
63 -0.0262255597539945
64 1.54174667401698
65 -0.142171839174009
66 0.0336373186020036
67 -0.142171839174009
68 0.397431090930209
69 1.39775595375639
70 0.289480519201596
71 1.19759752596648
72 -0.142171839174009
73 -0.142171839174009
74 -0.142171839174009
75 0.362249164693238
76 1.14511196351746
77 -0.142171839174009
78 -0.142171839174009
79 -0.142171839174009
80 -0.142171839174009
81 -0.142171839174009
82 0.287531630388031
83 -0.027177840819443
84 1.26254566762418
85 1.01399837618969
86 -0.142171839174009
87 -0.142171839174009
88 -0.142171839174009
89 -0.142171839174009
90 0.790884807551905
91 -0.142171839174009
92 -0.142171839174009
93 -0.142171839174009
94 -0.142171839174009
95 0.500678712794024
96 -0.142171839174009
97 -0.142171839174009
98 0.616726481877849
99 -0.142171839174009
100 1.04516943994645
101 -0.142171839174009
102 -0.142171839174009
103 0.818994234704101
104 -0.142171839174009
105 1.00920488286959
106 -0.142171839174009
107 -0.142171839174009
108 -0.142171839174009
109 -0.142171839174009
110 -0.142171839174009
111 -0.142171839174009
112 0.563340900108283
113 -0.142171839174009
114 -0.142171839174009
115 -0.142171839174009
116 -0.142171839174009
117 -0.142171839174009
118 -0.142171839174009
119 -0.142171839174009
120 -0.142171839174009
121 -0.142171839174009
122 -0.142171839174009
123 1.37438975497507
124 1.00589084805178
125 -0.142171839174009
126 -0.142171839174009
127 -0.142171839174009
128 1.16957144356816
129 -0.142171839174009
130 -0.142171839174009
131 1.01269613066822
132 -0.142171839174009
133 0.667688193622467
134 -0.142171839174009
135 -0.142171839174009
136 -0.142171839174009
137 -0.142171839174009
138 -0.142171839174009
139 -0.142171839174009
140 0.00968688813065004
141 -0.142171839174009
142 -0.142171839174009
143 0.0389097957773056
144 0.288475901205137
145 1.44867561257871
146 -0.142171839174009
147 -0.142171839174009
148 -0.142171839174009
149 0.925435422585667
150 0.00534092774447263
151 -0.142171839174009
152 -0.142171839174009
153 -0.142171839174009
154 -0.00974671492860467
155 0.39824471777549
156 1.34684608281873
157 0.0123156923048623
158 -0.142171839174009
159 0.46029248444605
160 0.397476687886773
161 -0.142171839174009
162 -0.142171839174009
163 0.784689722923312
164 0.347467810168168
165 -0.142171839174009
166 -0.142171839174009
167 0.41887410156161
168 -0.142171839174009
169 -0.142171839174009
170 -0.142171839174009
171 -0.142171839174009
172 -0.142171839174009
173 1.2011773272153
174 -0.142171839174009
175 -0.142171839174009
176 -0.142171839174009
177 1.24855331026303
178 -0.142171839174009
179 -0.142171839174009
180 -0.142171839174009
181 -0.142171839174009
182 -0.142171839174009
183 -0.142171839174009
184 -0.142171839174009
185 -0.142171839174009
186 -0.142171839174009
187 -0.142171839174009
188 -0.142171839174009
189 -0.142171839174009
190 -0.142171839174009
191 -0.142171839174009
192 -0.142171839174009
193 -0.142171839174009
194 -0.142171839174009
195 0.285969251133282
196 -0.142171839174009
197 -0.142171839174009
198 -0.142171839174009
199 0.410947777134319
200 -0.142171839174009
201 -0.142171839174009
202 0.707877050920203
203 -0.142171839174009
204 -0.142171839174009
205 -0.142171839174009
206 -0.142171839174009
207 -0.142171839174009
208 0.434312485155073
209 -0.142171839174009
210 -0.142171839174009
211 -0.142171839174009
212 -0.142171839174009
213 -0.142171839174009
214 -0.142171839174009
215 -0.142171839174009
216 -0.142171839174009
217 -0.142171839174009
218 -0.142171839174009
219 -0.142171839174009
220 -0.142171839174009
221 -0.142171839174009
222 -0.142171839174009
223 -0.142171839174009
224 -0.142171839174009
225 -0.142171839174009
226 -0.142171839174009
227 -0.142171839174009
228 -0.142171839174009
229 -0.142171839174009
230 0.879742921997765
231 -0.0173628018602154
232 -0.142171839174009
233 -0.142171839174009
234 -0.142171839174009
235 -0.142171839174009
236 -0.142171839174009
237 -0.142171839174009
238 -0.142171839174009
239 -0.142171839174009
240 -0.0361449090327912
241 -0.142171839174009
242 -0.142171839174009
243 -0.142171839174009
244 -0.142171839174009
245 -0.142171839174009
246 -0.142171839174009
247 -0.142171839174009
248 -0.142171839174009
249 0.366447782204926
250 -0.142171839174009
251 -0.142171839174009
252 -0.142171839174009
253 -0.142171839174009
254 -0.142171839174009
255 -0.142171839174009
256 -0.142171839174009
257 -0.142171839174009
258 1.2310986661968
259 -0.142171839174009
260 -0.142171839174009
261 -0.142171839174009
262 -0.142171839174009
263 -0.142171839174009
264 -0.142171839174009
265 -0.142171839174009
266 -0.142171839174009
267 -0.142171839174009
268 -0.142171839174009
269 -0.142171839174009
270 -0.142171839174009
271 -0.142171839174009
272 3.02997966831274
273 -0.142171839174009
274 -0.142171839174009
275 -0.142171839174009
276 -0.142171839174009
277 -0.142171839174009
278 -0.142171839174009
279 1.51034330525956
280 -0.142171839174009
281 -0.142171839174009
282 -0.142171839174009
283 -0.142171839174009
284 -0.142171839174009
285 -0.142171839174009
286 -0.142171839174009
287 -0.142171839174009
288 -0.142171839174009
289 -0.142171839174009
290 -0.142171839174009
291 1.16168912215405
292 -0.142171839174009
293 -0.142171839174009
294 -0.142171839174009
295 -0.142171839174009
296 -0.0456394333975219
297 -0.142171839174009
298 -0.142171839174009
299 -0.142171839174009
300 -0.142171839174009
301 -0.142171839174009
302 -0.142171839174009
303 -0.142171839174009
304 -0.142171839174009
305 -0.142171839174009
306 -0.142171839174009
307 -0.142171839174009
308 -0.142171839174009
309 -0.142171839174009
310 -0.142171839174009
311 -0.142171839174009
312 -0.142171839174009
313 -0.142171839174009
314 -0.142171839174009
315 -0.142171839174009
316 -0.142171839174009
317 -0.142171839174009
318 -0.142171839174009
319 -0.142171839174009
320 -0.142171839174009
321 -0.142171839174009
322 -0.142171839174009
323 -0.142171839174009
324 -0.142171839174009
325 -0.142171839174009
326 -0.142171839174009
327 -0.142171839174009
328 -0.142171839174009
329 -0.142171839174009
330 -0.142171839174009
331 -0.142171839174009
332 -0.142171839174009
333 -0.142171839174009
334 -0.142171839174009
335 -0.142171839174009
336 -0.142171839174009
337 -0.142171839174009
338 -0.142171839174009
339 -0.142171839174009
340 -0.142171839174009
341 -0.142171839174009
342 -0.142171839174009
343 -0.142171839174009
344 -0.142171839174009
345 -0.142171839174009
346 -0.142171839174009
347 -0.142171839174009
348 -0.142171839174009
349 -0.142171839174009
350 -0.142171839174009
351 -0.142171839174009
352 -0.142171839174009
353 -0.0431688890848288
354 -0.142171839174009
355 -0.142171839174009
356 -0.142171839174009
357 -0.142171839174009
358 -0.142171839174009
359 -0.142171839174009
360 -0.142171839174009
361 -0.142171839174009
362 -0.142171839174009
363 -0.142171839174009
364 0.991158159057108
365 -0.142171839174009
366 -0.142171839174009
367 -0.142171839174009
368 -0.142171839174009
369 -0.142171839174009
370 -0.142171839174009
371 -0.142171839174009
372 -0.142171839174009
373 -0.142171839174009
374 -0.142171839174009
375 -0.142171839174009
376 -0.142171839174009
377 -0.142171839174009
378 -0.142171839174009
379 -0.142171839174009
380 -0.142171839174009
381 -0.142171839174009
382 -0.142171839174009
383 -0.142171839174009
384 -0.142171839174009
385 -0.142171839174009
386 -0.142171839174009
387 -0.142171839174009
388 -0.142171839174009
389 -0.142171839174009
390 -0.142171839174009
391 -0.142171839174009
392 -0.142171839174009
393 -0.142171839174009
394 -0.142171839174009
395 -0.142171839174009
396 -0.142171839174009
397 -0.142171839174009
398 -0.142171839174009
399 -0.142171839174009
400 -0.142171839174009
401 -0.142171839174009
402 -0.142171839174009
403 -0.142171839174009
404 -0.142171839174009
405 -0.142171839174009
406 -0.142171839174009
407 0.545872959612839
408 -0.142171839174009
409 -0.142171839174009
410 -0.142171839174009
411 -0.142171839174009
412 -0.142171839174009
413 -0.142171839174009
414 -0.142171839174009
415 -0.142171839174009
416 -0.142171839174009
417 -0.142171839174009
418 -0.142171839174009
419 -0.142171839174009
420 -0.142171839174009
421 -0.142171839174009
422 -0.142171839174009
423 -0.142171839174009
424 -0.142171839174009
425 -0.142171839174009
426 -0.142171839174009
427 -0.142171839174009
428 -0.142171839174009
429 -0.142171839174009
430 -0.142171839174009
431 -0.142171839174009
432 -0.142171839174009
433 -0.142171839174009
434 -0.142171839174009
435 -0.142171839174009
436 -0.142171839174009
437 -0.142171839174009
438 -0.142171839174009
439 -0.142171839174009
440 -0.142171839174009
441 -0.142171839174009
442 -0.142171839174009
443 -0.142171839174009
444 -0.142171839174009
445 -0.142171839174009
446 -0.142171839174009
447 -0.142171839174009
448 -0.142171839174009
449 -0.142171839174009
450 -0.142171839174009
451 -0.142171839174009
452 -0.142171839174009
453 -0.142171839174009
454 -0.142171839174009
455 -0.142171839174009
456 -0.142171839174009
457 -0.142171839174009
458 -0.142171839174009
459 -0.142171839174009
460 -0.142171839174009
461 -0.142171839174009
462 -0.142171839174009
463 -0.142171839174009
464 -0.142171839174009
465 -0.142171839174009
466 -0.142171839174009
467 -0.142171839174009
468 -0.142171839174009
469 -0.142171839174009
470 -0.142171839174009
471 -0.142171839174009
472 -0.142171839174009
473 -0.142171839174009
474 -0.142171839174009
475 -0.142171839174009
476 -0.142171839174009
477 -0.142171839174009
478 -0.142171839174009
479 -0.142171839174009
480 -0.142171839174009
481 -0.142171839174009
482 -0.142171839174009
483 -0.142171839174009
484 -0.142171839174009
485 -0.142171839174009
486 -0.142171839174009
487 -0.142171839174009
488 -0.142171839174009
489 -0.142171839174009
490 -0.142171839174009
491 -0.142171839174009
492 -0.142171839174009
493 -0.142171839174009
494 -0.142171839174009
495 -0.142171839174009
496 -0.142171839174009
497 -0.142171839174009
498 -0.142171839174009
499 -0.142171839174009
500 -0.142171839174009
501 -0.142171839174009
502 -0.142171839174009
503 -0.142171839174009
504 -0.142171839174009
505 -0.142171839174009
506 -0.142171839174009
507 -0.142171839174009
508 -0.142171839174009
509 -0.142171839174009
510 -0.142171839174009
511 -0.142171839174009
512 -0.142171839174009
513 -0.142171839174009
514 -0.142171839174009
515 -0.142171839174009
516 -0.142171839174009
517 -0.142171839174009
518 -0.142171839174009
519 -0.142171839174009
520 -0.142171839174009
521 -0.142171839174009
522 -0.142171839174009
523 -0.142171839174009
524 -0.142171839174009
525 -0.142171839174009
526 -0.142171839174009
527 -0.142171839174009
528 -0.142171839174009
529 -0.142171839174009
530 -0.142171839174009
531 -0.142171839174009
532 -0.142171839174009
533 -0.142171839174009
534 -0.142171839174009
535 -0.142171839174009
536 -0.142171839174009
537 -0.142171839174009
538 -0.142171839174009
539 -0.142171839174009
540 -0.142171839174009
541 -0.142171839174009
542 -0.142171839174009
543 -0.142171839174009
544 -0.142171839174009
545 -0.142171839174009
546 -0.142171839174009
547 -0.142171839174009
548 -0.142171839174009
549 -0.142171839174009
550 -0.142171839174009
551 -0.142171839174009
552 -0.142171839174009
553 -0.142171839174009
554 -0.142171839174009
555 -0.142171839174009
556 -0.142171839174009
557 -0.142171839174009
558 -0.142171839174009
559 -0.142171839174009
560 -0.142171839174009
561 -0.142171839174009
562 -0.142171839174009
563 -0.142171839174009
564 -0.142171839174009
565 -0.142171839174009
566 -0.142171839174009
567 -0.142171839174009
568 -0.142171839174009
569 -0.142171839174009
570 -0.142171839174009
571 -0.142171839174009
572 -0.142171839174009
573 -0.142171839174009
574 -0.142171839174009
575 -0.142171839174009
576 -0.142171839174009
577 -0.142171839174009
578 -0.142171839174009
579 -0.142171839174009
580 -0.142171839174009
581 -0.142171839174009
582 -0.142171839174009
583 -0.142171839174009
584 -0.142171839174009
585 -0.142171839174009
586 -0.142171839174009
587 -0.142171839174009
588 -0.142171839174009
589 -0.142171839174009
590 -0.142171839174009
591 -0.142171839174009
592 -0.142171839174009
593 -0.142171839174009
594 -0.142171839174009
595 -0.142171839174009
596 -0.142171839174009
597 -0.142171839174009
598 -0.142171839174009
599 -0.142171839174009
600 -0.142171839174009
601 -0.142171839174009
602 -0.142171839174009
603 -0.142171839174009
604 -0.142171839174009
605 -0.142171839174009
606 -0.142171839174009
607 -0.142171839174009
608 -0.142171839174009
609 -0.142171839174009
610 -0.142171839174009
611 -0.142171839174009
612 -0.142171839174009
613 -0.142171839174009
614 -0.142171839174009
615 -0.142171839174009
616 -0.142171839174009
617 -0.142171839174009
618 -0.142171839174009
619 -0.142171839174009
620 -0.142171839174009
621 -0.142171839174009
622 -0.142171839174009
623 -0.142171839174009
624 -0.142171839174009
625 -0.142171839174009
626 -0.142171839174009
627 -0.142171839174009
628 -0.142171839174009
629 -0.142171839174009
630 -0.142171839174009
631 -0.142171839174009
632 -0.142171839174009
633 -0.142171839174009
634 -0.142171839174009
635 -0.142171839174009
636 -0.142171839174009
637 -0.142171839174009
638 -0.142171839174009
639 -0.142171839174009
640 -0.142171839174009
641 -0.142171839174009
642 -0.142171839174009
643 -0.142171839174009
644 -0.142171839174009
645 -0.142171839174009
646 -0.142171839174009
647 -0.142171839174009
648 -0.142171839174009
649 -0.142171839174009
650 -0.142171839174009
651 -0.142171839174009
652 -0.142171839174009
653 -0.142171839174009
654 -0.142171839174009
655 -0.142171839174009
656 -0.142171839174009
657 -0.142171839174009
658 -0.142171839174009
659 -0.142171839174009
660 -0.142171839174009
661 -0.142171839174009
662 -0.142171839174009
663 -0.142171839174009
664 -0.142171839174009
665 -0.142171839174009
666 -0.142171839174009
667 -0.142171839174009
668 -0.142171839174009
669 -0.142171839174009
670 -0.142171839174009
671 -0.142171839174009
672 -0.142171839174009
673 -0.142171839174009
674 -0.142171839174009
675 -0.142171839174009
676 -0.142171839174009
677 -0.142171839174009
678 2.0468016677354
679 -0.142171839174009
680 -0.142171839174009
681 -0.142171839174009
682 -0.142171839174009
683 -0.142171839174009
684 -0.142171839174009
685 -0.142171839174009
686 -0.142171839174009
687 -0.142171839174009
688 -0.142171839174009
689 -0.142171839174009
690 -0.142171839174009
691 -0.142171839174009
692 -0.142171839174009
693 -0.142171839174009
694 -0.142171839174009
695 -0.142171839174009
696 -0.142171839174009
697 -0.142171839174009
698 -0.142171839174009
699 -0.142171839174009
700 -0.142171839174009
701 -0.142171839174009
702 -0.142171839174009
703 -0.142171839174009
704 -0.142171839174009
705 1.23136034656465
706 -0.142171839174009
707 -0.142171839174009
708 -0.142171839174009
709 -0.142171839174009
710 -0.142171839174009
711 -0.142171839174009
712 -0.142171839174009
713 -0.142171839174009
714 -0.142171839174009
715 -0.142171839174009
716 -0.142171839174009
717 -0.142171839174009
718 -0.142171839174009
719 -0.142171839174009
720 -0.142171839174009
721 -0.142171839174009
722 -0.142171839174009
723 -0.142171839174009
724 -0.142171839174009
725 -0.142171839174009
726 -0.142171839174009
727 -0.142171839174009
728 -0.142171839174009
729 -0.142171839174009
730 -0.142171839174009
731 -0.142171839174009
732 -0.142171839174009
733 -0.142171839174009
734 -0.142171839174009
735 -0.142171839174009
736 -0.142171839174009
737 -0.142171839174009
738 -0.142171839174009
739 -0.142171839174009
740 -0.142171839174009
741 -0.142171839174009
742 -0.142171839174009
743 -0.142171839174009
744 -0.142171839174009
745 -0.142171839174009
746 -0.142171839174009
747 -0.142171839174009
748 -0.142171839174009
749 -0.142171839174009
750 -0.142171839174009
751 -0.142171839174009
752 -0.142171839174009
753 -0.142171839174009
754 -0.142171839174009
755 -0.142171839174009
756 -0.142171839174009
757 -0.142171839174009
758 -0.142171839174009
759 -0.142171839174009
760 -0.142171839174009
761 -0.142171839174009
762 -0.142171839174009
763 -0.142171839174009
764 -0.142171839174009
765 -0.142171839174009
766 -0.142171839174009
767 -0.142171839174009
768 -0.142171839174009
769 -0.142171839174009
770 -0.142171839174009
771 -0.142171839174009
772 -0.142171839174009
773 -0.142171839174009
774 -0.142171839174009
775 -0.142171839174009
776 -0.142171839174009
777 -0.142171839174009
778 -0.142171839174009
779 -0.142171839174009
780 -0.142171839174009
781 -0.142171839174009
782 -0.142171839174009
783 -0.142171839174009
784 -0.142171839174009
785 -0.142171839174009
786 -0.142171839174009
787 -0.142171839174009
788 -0.142171839174009
789 -0.142171839174009
790 -0.142171839174009
791 0.107814488734914
792 1.29977311268438
793 0.902317849039939
794 -0.142171839174009
795 -0.142171839174009
796 -0.142171839174009
797 -0.142171839174009
798 -0.142171839174009
799 -0.142171839174009
800 -0.142171839174009
801 -0.142171839174009
802 -0.142171839174009
803 -0.142171839174009
804 -0.142171839174009
805 -0.142171839174009
806 -0.142171839174009
807 -0.142171839174009
808 -0.142171839174009
809 -0.142171839174009
810 -0.142171839174009
811 -0.142171839174009
812 -0.142171839174009
813 -0.142171839174009
814 -0.142171839174009
815 -0.142171839174009
816 -0.142171839174009
817 -0.142171839174009
818 -0.142171839174009
819 -0.142171839174009
820 -0.142171839174009
821 -0.142171839174009
822 -0.142171839174009
823 -0.142171839174009
824 -0.142171839174009
825 -0.142171839174009
826 -0.142171839174009
827 -0.142171839174009
828 -0.142171839174009
829 -0.142171839174009
830 -0.142171839174009
831 -0.142171839174009
832 1.11254417861092
833 0.921992994360318
834 -0.142171839174009
835 -0.142171839174009
836 -0.142171839174009
837 -0.142171839174009
838 -0.142171839174009
839 -0.142171839174009
840 -0.142171839174009
841 -0.142171839174009
842 1.28648519583021
843 -0.142171839174009
844 -0.142171839174009
845 -0.142171839174009
846 -0.142171839174009
847 0.187896998178039
848 -0.142171839174009
849 -0.142171839174009
850 -0.142171839174009
851 -0.142171839174009
852 -0.142171839174009
853 -0.142171839174009
854 -0.142171839174009
855 -0.142171839174009
856 -0.142171839174009
857 -0.142171839174009
858 -0.142171839174009
859 -0.142171839174009
860 -0.142171839174009
861 -0.142171839174009
862 -0.142171839174009
863 -0.142171839174009
864 -0.142171839174009
865 -0.142171839174009
866 -0.142171839174009
867 -0.142171839174009
868 -0.142171839174009
869 0.32787327387126
870 -0.142171839174009
871 -0.142171839174009
872 -0.142171839174009
873 -0.142171839174009
874 0.10781132440887
875 -0.142171839174009
876 -0.142171839174009
877 -0.142171839174009
878 1.2550003364076
879 -0.142171839174009
880 -0.142171839174009
881 -0.142171839174009
882 -0.142171839174009
883 -0.142171839174009
884 -0.142171839174009
885 -0.00895982989040416
886 -0.142171839174009
887 -0.142171839174009
888 -0.142171839174009
889 1.19778831354997
890 -0.142171839174009
891 1.12701418191642
892 -0.142171839174009
893 -0.142171839174009
894 -0.142171839174009
895 -0.142171839174009
896 -0.142171839174009
897 -0.142171839174009
898 -0.142171839174009
899 -0.142171839174009
900 0.0324264122081651
901 -0.142171839174009
902 -0.142171839174009
903 -0.142171839174009
904 -0.142171839174009
905 -0.142171839174009
906 -0.142171839174009
907 -0.142171839174009
908 -0.142171839174009
909 -0.142171839174009
910 -0.142171839174009
911 -0.142171839174009
912 1.16991017419118
913 -0.142171839174009
914 -0.142171839174009
915 -0.142171839174009
916 -0.142171839174009
917 -0.142171839174009
918 -0.142171839174009
919 0.778794259594958
920 -0.142171839174009
921 1.31940185849473
922 -0.142171839174009
923 -0.142171839174009
924 -0.142171839174009
925 -0.142171839174009
926 -0.142171839174009
927 -0.142171839174009
928 -0.142171839174009
929 -0.142171839174009
930 -0.142171839174009
931 -0.142171839174009
932 0.569967590049513
933 -0.142171839174009
934 -0.142171839174009
935 1.4750588286847
936 -0.142171839174009
937 -0.142171839174009
938 -0.142171839174009
939 -0.142171839174009
940 -0.142171839174009
941 -0.142171839174009
942 -0.142171839174009
943 -0.142171839174009
944 -0.142171839174009
945 -0.142171839174009
946 -0.142171839174009
947 -0.142171839174009
948 -0.142171839174009
949 -0.142171839174009
950 -0.142171839174009
951 -0.142171839174009
952 -0.142171839174009
953 -0.142171839174009
954 -0.142171839174009
955 0.0438361404745904
956 -0.142171839174009
957 -0.142171839174009
958 -0.142171839174009
959 -0.142171839174009
960 -0.142171839174009
961 -0.142171839174009
962 -0.142171839174009
963 -0.142171839174009
964 -0.142171839174009
965 -0.142171839174009
966 -0.142171839174009
967 -0.142171839174009
968 -0.142171839174009
969 -0.142171839174009
970 -0.142171839174009
971 -0.142171839174009
972 -0.142171839174009
973 -0.142171839174009
974 1.12855072110948
975 -0.142171839174009
976 -0.142171839174009
977 -0.142171839174009
978 -0.142171839174009
979 -0.142171839174009
980 -0.142171839174009
981 -0.142171839174009
982 -0.142171839174009
983 -0.142171839174009
984 -0.142171839174009
985 -0.142171839174009
986 -0.142171839174009
987 -0.142171839174009
988 -0.142171839174009
989 -0.142171839174009
990 -0.142171839174009
991 -0.142171839174009
992 -0.142171839174009
993 -0.142171839174009
994 -0.142171839174009
995 -0.142171839174009
996 -0.142171839174009
997 -0.142171839174009
998 -0.142171839174009
999 0.103523931242836
1000 -0.142171839174009
1001 -0.142171839174009
1002 1.00214058965456
1003 -0.142171839174009
1004 -0.142171839174009
1005 -0.142171839174009
1006 -0.142171839174009
1007 -0.142171839174009
1008 -0.142171839174009
1009 -0.142171839174009
1010 -0.142171839174009
1011 -0.142171839174009
1012 0.791650633512391
1013 0.315650174269504
1014 -0.142171839174009
1015 -0.142171839174009
1016 -0.142171839174009
1017 -0.142171839174009
1018 -0.142171839174009
1019 -0.142171839174009
1020 -0.142171839174009
1021 0.777808760809932
1022 -0.142171839174009
1023 -0.142171839174009
1024 -0.142171839174009
1025 -0.142171839174009
1026 -0.142171839174009
1027 -0.142171839174009
1028 -0.142171839174009
1029 -0.142171839174009
1030 -0.142171839174009
1031 1.40226579849791
1032 -0.142171839174009
1033 -0.142171839174009
1034 0.354616788318745
1035 -0.142171839174009
1036 -0.142171839174009
1037 -0.142171839174009
1038 -0.142171839174009
1039 -0.142171839174009
1040 -0.142171839174009
1041 -0.142171839174009
1042 1.06384441903929
1043 -0.142171839174009
1044 -0.142171839174009
1045 -0.142171839174009
1046 -0.142171839174009
1047 1.11340928174105
1048 -0.142171839174009
1049 -0.142171839174009
1050 -0.142171839174009
1051 -0.142171839174009
1052 -0.142171839174009
1053 -0.142171839174009
1054 -0.142171839174009
1055 -0.142171839174009
1056 -0.142171839174009
1057 -0.142171839174009
1058 -0.142171839174009
1059 -0.142171839174009
1060 -0.142171839174009
1061 -0.142171839174009
1062 -0.142171839174009
1063 -0.142171839174009
1064 -0.142171839174009
1065 -0.142171839174009
1066 -0.142171839174009
1067 -0.142171839174009
1068 -0.142171839174009
1069 -0.142171839174009
1070 -0.142171839174009
1071 -0.142171839174009
1072 -0.142171839174009
1073 -0.142171839174009
1074 -0.142171839174009
1075 -0.142171839174009
1076 -0.142171839174009
1077 -0.142171839174009
1078 -0.142171839174009
1079 -0.142171839174009
1080 1.26690449322458
1081 -0.142171839174009
1082 -0.142171839174009
1083 -0.142171839174009
1084 -0.142171839174009
1085 -0.142171839174009
1086 -0.142171839174009
1087 1.04279016115138
1088 -0.142171839174009
1089 -0.142171839174009
1090 0.535631562667032
1091 -0.142171839174009
1092 -0.142171839174009
1093 -0.142171839174009
1094 -0.142171839174009
1095 -0.142171839174009
1096 -0.142171839174009
1097 -0.142171839174009
1098 -0.142171839174009
1099 -0.142171839174009
1100 -0.142171839174009
1101 -0.142171839174009
1102 -0.142171839174009
1103 -0.142171839174009
1104 -0.142171839174009
1105 -0.142171839174009
1106 -0.142171839174009
1107 -0.142171839174009
1108 -0.142171839174009
1109 -0.142171839174009
1110 -0.142171839174009
1111 -0.142171839174009
1112 -0.142171839174009
1113 -0.142171839174009
1114 -0.142171839174009
1115 -0.142171839174009
1116 -0.142171839174009
1117 -0.142171839174009
1118 -0.142171839174009
1119 -0.142171839174009
1120 -0.142171839174009
1121 -0.142171839174009
1122 -0.142171839174009
1123 -0.142171839174009
1124 -0.142171839174009
1125 -0.142171839174009
1126 -0.142171839174009
1127 -0.142171839174009
1128 -0.142171839174009
1129 -0.142171839174009
1130 -0.142171839174009
1131 1.25588937096869
1132 -0.142171839174009
1133 -0.142171839174009
1134 -0.142171839174009
1135 -0.142171839174009
1136 -0.142171839174009
1137 -0.142171839174009
1138 -0.142171839174009
1139 -0.142171839174009
1140 -0.142171839174009
1141 -0.142171839174009
1142 -0.142171839174009
1143 -0.142171839174009
1144 -0.142171839174009
1145 -0.142171839174009
1146 -0.142171839174009
1147 -0.142171839174009
1148 -0.142171839174009
1149 -0.142171839174009
1150 -0.142171839174009
1151 -0.142171839174009
1152 -0.142171839174009
1153 -0.142171839174009
1154 -0.142171839174009
1155 -0.142171839174009
1156 -0.142171839174009
1157 -0.142171839174009
1158 0.876125323479634
1159 -0.142171839174009
1160 -0.142171839174009
1161 -0.142171839174009
1162 -0.142171839174009
1163 -0.142171839174009
1164 -0.142171839174009
1165 -0.142171839174009
1166 -0.142171839174009
1167 -0.142171839174009
1168 -0.142171839174009
1169 -0.142171839174009
1170 -0.142171839174009
1171 -0.142171839174009
1172 -0.142171839174009
1173 -0.142171839174009
1174 -0.142171839174009
1175 -0.142171839174009
1176 -0.142171839174009
1177 -0.142171839174009
1178 -0.142171839174009
1179 -0.142171839174009
1180 -0.142171839174009
1181 -0.142171839174009
1182 -0.142171839174009
1183 -0.142171839174009
1184 -0.142171839174009
1185 -0.142171839174009
1186 -0.142171839174009
1187 -0.142171839174009
1188 -0.142171839174009
1189 -0.142171839174009
1190 -0.142171839174009
1191 -0.142171839174009
1192 -0.142171839174009
1193 -0.142171839174009
1194 -0.142171839174009
1195 -0.142171839174009
1196 -0.142171839174009
1197 -0.142171839174009
1198 -0.142171839174009
1199 -0.142171839174009
1200 -0.142171839174009
1201 -0.142171839174009
1202 -0.142171839174009
1203 -0.142171839174009
1204 -0.142171839174009
1205 -0.142171839174009
1206 -0.142171839174009
1207 -0.142171839174009
1208 -0.142171839174009
1209 -0.142171839174009
1210 -0.142171839174009
1211 -0.142171839174009
1212 -0.142171839174009
1213 -0.142171839174009
1214 -0.142171839174009
1215 -0.142171839174009
1216 -0.142171839174009
1217 -0.142171839174009
1218 -0.142171839174009
1219 -0.142171839174009
1220 -0.142171839174009
1221 -0.142171839174009
1222 -0.142171839174009
1223 -0.142171839174009
1224 -0.142171839174009
1225 -0.142171839174009
1226 -0.142171839174009
1227 -0.142171839174009
1228 -0.142171839174009
1229 -0.142171839174009
1230 -0.142171839174009
1231 -0.142171839174009
1232 -0.142171839174009
1233 -0.142171839174009
1234 -0.142171839174009
1235 -0.142171839174009
1236 -0.142171839174009
1237 -0.142171839174009
1238 -0.142171839174009
1239 -0.142171839174009
1240 -0.142171839174009
1241 -0.142171839174009
1242 -0.142171839174009
1243 -0.142171839174009
1244 -0.142171839174009
1245 -0.142171839174009
1246 -0.142171839174009
1247 -0.142171839174009
1248 -0.142171839174009
1249 -0.142171839174009
1250 -0.142171839174009
1251 -0.142171839174009
1252 -0.142171839174009
1253 -0.142171839174009
1254 -0.142171839174009
1255 -0.142171839174009
1256 -0.142171839174009
1257 -0.142171839174009
1258 -0.142171839174009
1259 -0.142171839174009
1260 -0.142171839174009
1261 -0.142171839174009
1262 -0.142171839174009
1263 -0.142171839174009
1264 -0.142171839174009
1265 -0.142171839174009
1266 -0.142171839174009
1267 -0.142171839174009
1268 -0.142171839174009
1269 -0.142171839174009
1270 -0.142171839174009
1271 -0.142171839174009
1272 -0.142171839174009
1273 -0.142171839174009
1274 -0.142171839174009
1275 -0.142171839174009
1276 -0.142171839174009
1277 -0.142171839174009
1278 -0.142171839174009
1279 -0.142171839174009
1280 -0.142171839174009
1281 -0.142171839174009
1282 -0.142171839174009
1283 -0.142171839174009
1284 -0.142171839174009
1285 -0.142171839174009
1286 -0.142171839174009
1287 -0.142171839174009
1288 -0.142171839174009
1289 -0.142171839174009
1290 -0.142171839174009
1291 -0.142171839174009
1292 -0.142171839174009
1293 -0.142171839174009
1294 -0.142171839174009
1295 -0.142171839174009
1296 -0.142171839174009
1297 -0.142171839174009
1298 -0.142171839174009
1299 -0.142171839174009
1300 -0.142171839174009
1301 -0.142171839174009
1302 -0.142171839174009
1303 -0.142171839174009
1304 -0.142171839174009
1305 -0.142171839174009
1306 -0.142171839174009
1307 -0.142171839174009
1308 -0.142171839174009
1309 -0.142171839174009
1310 -0.142171839174009
1311 -0.142171839174009
1312 -0.142171839174009
1313 -0.142171839174009
1314 -0.142171839174009
1315 -0.142171839174009
1316 -0.142171839174009
1317 -0.142171839174009
1318 -0.142171839174009
1319 -0.142171839174009
1320 -0.142171839174009
1321 -0.142171839174009
1322 -0.142171839174009
1323 1.44925556003852
1324 -0.142171839174009
1325 -0.142171839174009
1326 -0.142171839174009
1327 -0.142171839174009
1328 -0.142171839174009
1329 -0.142171839174009
1330 -0.142171839174009
1331 -0.142171839174009
1332 -0.142171839174009
1333 -0.142171839174009
1334 -0.142171839174009
1335 -0.142171839174009
1336 -0.142171839174009
1337 -0.142171839174009
1338 -0.142171839174009
1339 -0.142171839174009
1340 -0.142171839174009
1341 -0.142171839174009
1342 -0.142171839174009
1343 -0.142171839174009
1344 -0.142171839174009
1345 -0.142171839174009
1346 -0.142171839174009
1347 -0.142171839174009
1348 -0.142171839174009
1349 -0.142171839174009
1350 -0.142171839174009
1351 -0.142171839174009
1352 -0.142171839174009
1353 -0.142171839174009
1354 -0.142171839174009
1355 -0.142171839174009
1356 -0.142171839174009
1357 -0.142171839174009
1358 -0.142171839174009
1359 -0.142171839174009
1360 -0.142171839174009
1361 -0.142171839174009
1362 -0.142171839174009
1363 -0.142171839174009
1364 -0.142171839174009
1365 -0.142171839174009
1366 -0.142171839174009
1367 -0.142171839174009
1368 -0.142171839174009
1369 -0.142171839174009
1370 -0.142171839174009
1371 -0.142171839174009
1372 -0.142171839174009
1373 -0.142171839174009
1374 -0.142171839174009
1375 -0.142171839174009
1376 -0.142171839174009
1377 -0.142171839174009
1378 -0.142171839174009
1379 -0.142171839174009
1380 -0.142171839174009
1381 -0.142171839174009
1382 -0.142171839174009
1383 -0.142171839174009
1384 -0.142171839174009
1385 -0.142171839174009
1386 -0.142171839174009
1387 -0.142171839174009
1388 -0.142171839174009
1389 -0.142171839174009
1390 -0.142171839174009
1391 -0.142171839174009
1392 -0.142171839174009
1393 -0.142171839174009
1394 -0.142171839174009
1395 -0.142171839174009
1396 -0.142171839174009
1397 -0.142171839174009
1398 -0.142171839174009
1399 -0.142171839174009
1400 -0.142171839174009
1401 -0.142171839174009
1402 -0.142171839174009
1403 -0.142171839174009
1404 -0.142171839174009
1405 -0.142171839174009
1406 -0.142171839174009
1407 -0.142171839174009
1408 -0.142171839174009
1409 -0.142171839174009
1410 -0.142171839174009
1411 -0.142171839174009
1412 -0.142171839174009
1413 -0.142171839174009
1414 -0.142171839174009
1415 -0.142171839174009
1416 -0.142171839174009
1417 -0.142171839174009
1418 -0.142171839174009
1419 -0.142171839174009
1420 -0.142171839174009
1421 -0.142171839174009
1422 -0.142171839174009
1423 -0.142171839174009
1424 -0.142171839174009
1425 -0.142171839174009
1426 -0.142171839174009
1427 -0.142171839174009
1428 -0.142171839174009
1429 -0.142171839174009
1430 -0.142171839174009
1431 -0.142171839174009
1432 -0.142171839174009
1433 -0.142171839174009
1434 -0.142171839174009
1435 -0.142171839174009
1436 -0.142171839174009
1437 -0.142171839174009
1438 -0.142171839174009
1439 -0.142171839174009
1440 -0.142171839174009
1441 -0.142171839174009
1442 -0.142171839174009
1443 -0.142171839174009
1444 -0.142171839174009
1445 -0.142171839174009
1446 -0.142171839174009
1447 -0.142171839174009
1448 -0.142171839174009
1449 -0.142171839174009
