1 873 -2.87716779007834
2 874 -2.87759714646708
3 125 -2.40873999789787
4 5 -2.52128953634511
4 37 -2.53014402959069
4 848 -2.69132961839535
5 87 -2.58803827737238
5 111 -2.58803827737238
6 7 -2.59381183525429
6 14 -2.81237864297129
6 18 -2.87759714646708
6 33 -2.87759714646708
6 38 -2.87362060097095
6 875 -2.87759714646708
6 876 -2.81237864297129
6 877 -2.71430092559278
6 290 -2.8408832053335
6 878 -2.87759714646708
6 879 -2.59381183525429
6 627 -2.87759714646708
7 13 -2.73369297422071
7 43 -2.8000644792569
7 880 -2.7920950564804
7 132 -2.7694937065708
7 157 -2.76186159232221
7 166 -2.83309730002498
7 423 -2.7694937065708
7 491 -2.81864391409414
7 881 -2.7694937065708
7 882 -2.7694937065708
7 854 -2.7694937065708
7 883 -2.7694937065708
7 855 -2.7694937065708
7 884 -2.76186159232221
7 885 -2.7694937065708
7 784 -2.7694937065708
7 788 -2.7694937065708
7 792 -2.7694937065708
7 886 -2.7694937065708
7 887 -2.7694937065708
7 798 -2.7694937065708
7 888 -2.7694937065708
8 9 -2.80129349993928
8 32 -2.73411381065892
8 158 -2.87759714646708
8 179 -2.76201326483434
8 188 -2.87759714646708
8 889 -2.64383227314173
8 890 -2.7384244093699
8 891 -2.76201326483434
8 892 -2.77463152901014
8 652 -2.76201326483434
8 893 -2.76201326483434
8 894 -2.76201326483434
8 726 -2.87759714646708
8 895 -2.87759714646708
9 49 -2.76008057823557
9 147 -2.6710624373862
9 896 -2.47640389600085
9 188 -2.87759714646708
9 897 -2.8175149095328
9 587 -2.76008057823557
10 26 -2.57810987978113
10 58 -2.86433148004972
10 94 -2.8718183837661
11 47 -2.87759714646708
11 50 -2.67588441900423
11 109 -2.87759714646708
11 840 -2.74430572300932
11 898 -2.53660685076505
11 899 -2.87759714646708
11 900 -2.74430572300932
11 901 -2.87759714646708
11 265 -2.87759714646708
11 902 -2.87759714646708
11 324 -2.74655752378313
11 903 -2.74065142829203
12 904 -2.86877458871161
12 204 -2.75308480197252
12 905 -2.73597216557443
13 44 -2.47640389600085
13 906 -2.85714507399051
13 907 -2.82276020908987
13 908 -2.81678285411859
13 301 -2.87759714646708
13 318 -2.87759714646708
13 345 -2.77470620462885
13 909 -2.87759714646708
13 910 -2.74162455953037
13 911 -2.85597045222968
13 525 -2.83309730002498
13 561 -2.87759714646708
13 912 -2.82276020908987
13 913 -2.81678285411859
14 24 -2.80129349993928
14 38 -2.85329462128705
14 876 -2.82434866162637
14 89 -2.77168763600175
14 140 -2.85641031291734
14 914 -2.87759714646708
15 23 -2.87759714646708
15 25 -2.86055807295513
15 33 -2.74482424995673
15 915 -2.87759714646708
15 916 -2.86715673135981
15 917 -2.87759714646708
15 338 -2.87759714646708
15 918 -2.87759714646708
15 919 -2.87759714646708
15 920 -2.87759714646708
15 921 -2.87624386968785
15 922 -2.83879101418448
15 489 -2.76142572922614
15 923 -2.87759714646708
15 924 -2.87759714646708
15 925 -2.87759714646708
16 414 -2.81143075778939
17 132 -2.7970495750798
18 54 -2.87759714646708
18 155 -2.87759714646708
18 281 -2.81954317645507
18 438 -2.87759714646708
18 926 -2.87759714646708
18 464 -2.87759714646708
19 49 -2.87456289077611
19 70 -2.7799217016248
19 927 -2.87759714646708
20 839 -2.57810987978113
20 240 -2.83588058985177
21 928 -2.85037501519151
22 188 -2.87759714646708
22 929 -2.73867038750639
22 930 -2.87759714646708
23 931 -2.80345480923419
23 932 -2.80839046987609
24 55 -2.87759714646708
24 84 -2.85259091417068
24 933 -2.73591118194052
24 301 -2.87759714646708
24 934 -2.87759714646708
24 935 -2.87759714646708
24 936 -2.80298812035524
24 937 -2.77670772142321
24 938 -2.76105923975397
25 939 -2.78408178189228
25 889 -2.86055807295513
25 298 -2.77063277646203
25 940 -2.87759714646708
25 851 -2.46520761342293
25 941 -2.72255673275574
25 942 -2.72255673275574
25 943 -2.78961306643964
25 714 -2.46520761342293
25 944 -2.46520761342293
25 945 -2.46520761342293
25 946 -2.46520761342293
25 947 -2.46520761342293
25 948 -2.46520761342293
25 949 -2.46520761342293
25 950 -2.46520761342293
25 951 -2.46520761342293
25 952 -2.46520761342293
25 953 -2.46520761342293
25 954 -2.46520761342293
25 955 -2.46520761342293
25 956 -2.46520761342293
25 755 -2.46520761342293
25 957 -2.46520761342293
25 958 -2.46520761342293
25 959 -2.46520761342293
25 960 -2.46520761342293
25 961 -2.46520761342293
25 962 -2.86143873873301
26 898 -2.53660685076505
26 963 -2.87759714646708
27 964 -2.51273148637512
27 965 -2.77236324229208
28 118 -2.86163302003506
28 139 -2.87759714646708
28 210 -2.87759714646708
28 298 -2.77063277646203
28 934 -2.87759714646708
28 966 -2.87759714646708
28 967 -2.87759714646708
29 864 -2.77450151143751
29 965 -2.78167774394657
30 127 -2.64644674307356
31 39 -2.87759714646708
31 968 -2.87759714646708
31 969 -2.87759714646708
31 154 -2.87759714646708
31 917 -2.87759714646708
31 970 -2.87759714646708
31 850 -2.77054652529802
31 937 -2.72676808578545
32 96 -2.73591118194052
32 971 -2.84742818870591
32 972 -2.87759714646708
32 459 -2.84594314696938
33 54 -2.87759714646708
33 95 -2.87759714646708
33 973 -2.87759714646708
33 974 -2.87131694818255
33 975 -2.87759714646708
33 976 -2.87129014976987
33 977 -2.53110736653129
33 978 -2.74482424995673
33 979 -2.87759714646708
33 677 -2.87129014976987
34 980 -2.67913859058533
35 879 -2.59381183525429
35 587 -2.76008057823557
35 981 -2.85691445155364
35 771 -2.68911074999164
35 772 -2.68911074999164
35 773 -2.68911074999164
36 91 -2.47640389600085
36 982 -2.67072923581512
36 983 -2.87759714646708
37 87 -2.60207601147794
37 984 -2.87759714646708
37 985 -2.78389380507062
37 986 -2.82983632774994
38 987 -2.84777706720744
39 74 -2.77134562022547
39 907 -2.82276020908987
39 988 -2.86540118062388
39 989 -2.86540118062388
40 174 -2.83482779191174
40 239 -2.87759714646708
40 438 -2.86993413221447
40 990 -2.77943128531337
41 42 -2.87759714646708
41 93 -2.80129349993928
41 991 -2.83482779191174
41 992 -2.86468234384942
41 993 -2.84717668475923
42 165 -2.87759714646708
42 193 -2.83482779191174
42 994 -2.80129349993928
42 352 -2.71022678714184
42 995 -2.87759714646708
42 996 -2.85336432341665
43 132 -2.7970495750798
43 140 -2.8000644792569
43 327 -2.81864391409414
44 997 -2.67072923581512
44 547 -2.86795314762708
45 50 -2.87759714646708
45 52 -2.67588441900423
45 67 -2.85529650169701
45 137 -2.87558448507904
45 138 -2.85691445155364
45 971 -2.84742818870591
45 998 -2.66059668077418
45 999 -2.86469061908326
46 864 -2.86143873873301
47 52 -2.87759714646708
48 1000 -2.84994537671198
48 1001 -2.87759714646708
48 1002 -2.70495998399684
49 329 -2.41361890732761
50 58 -2.57441471054214
50 1003 -2.8308721004047
51 63 -2.85134199622795
51 65 -2.87759714646708
52 265 -2.48069830682807
53 332 -2.80067423224446
54 889 -2.64383227314173
54 290 -2.80129349993928
54 918 -2.87759714646708
54 1004 -2.73718764830307
54 943 -2.78961306643964
54 687 -2.61875082492884
54 1005 -2.61875082492884
55 1006 -2.77140875680962
55 1007 -2.47640389600085
56 1008 -2.73369297422071
56 1009 -2.75789482482081
56 282 -2.85340191101622
56 469 -2.76186159232221
56 1010 -2.8641248643961
56 1011 -2.8641248643961
56 1012 -2.7920950564804
57 80 -2.74482424995673
57 118 -2.76142572922614
57 179 -2.74182098817416
57 1013 -2.60207601147794
57 185 -2.76142572922614
57 1014 -2.74182098817416
57 891 -2.84386658049953
57 894 -2.76201326483434
58 1015 -2.87759714646708
59 142 -2.39375288327427
59 184 -2.87759714646708
59 206 -2.39375288327427
60 155 -2.87759714646708
61 104 -2.87759714646708
61 157 -2.87759714646708
61 166 -2.83309730002498
61 1016 -2.80438724132185
61 1017 -2.87390686114588
61 1018 -2.71430092559278
62 1019 -2.80897918474261
62 1020 -2.79586539948558
63 67 -2.37533490752154
63 1021 -2.74570954724659
63 998 -2.87759714646708
63 186 -2.87759714646708
63 1022 -2.87759714646708
63 472 -2.77123197436758
64 88 -2.87759714646708
64 217 -2.41830002360485
64 1023 -2.37711785462728
64 909 -2.87759714646708
65 182 -2.87759714646708
65 218 -2.87398428153737
65 1024 -2.80711963883895
65 413 -2.80711963883895
66 68 -2.74928526367724
66 856 -2.85691445155364
67 116 -2.85691445155364
67 119 -2.72055567493962
67 998 -2.87759714646708
68 459 -2.84594314696938
69 1025 -2.87759714646708
69 528 -2.83386420704204
69 529 -2.83386420704204
69 532 -2.83386420704204
69 539 -2.83386420704204
69 930 -2.87759714646708
70 876 -2.66904732912392
70 1016 -2.80438724132185
70 937 -2.72676808578545
70 1026 -2.85157808852556
70 1027 -2.85157808852556
71 117 -2.86543001425953
71 1028 -2.76708976257596
72 898 -2.74065142829203
72 963 -2.87759714646708
72 346 -2.74065142829203
72 1029 -2.87759714646708
72 437 -2.87759714646708
72 551 -2.74065142829203
72 1030 -2.74065142829203
72 1031 -2.74065142829203
73 841 -2.69025969350403
73 843 -2.81520020734368
73 844 -2.81520020734368
73 187 -2.81520020734368
73 1032 -2.87759714646708
73 1033 -2.77579723197519
74 149 -2.81036236008329
74 1034 -2.87759714646708
74 440 -2.73023513121765
75 1006 -2.77140875680962
75 172 -2.83482779191174
75 261 -2.87759714646708
75 1035 -2.77140875680962
75 1036 -2.76052196668072
76 1037 -2.74597355150036
76 279 -2.70925096320768
76 1038 -2.75789482482081
77 319 -2.80859806896445
77 325 -2.85251570086379
77 1039 -2.80859806896445
77 494 -2.80859806896445
78 1040 -2.87759714646708
78 226 -2.53660685076505
78 240 -2.87759714646708
78 1041 -2.83959628727959
78 1042 -2.728084432815
78 1043 -2.728084432815
79 102 -2.86543001425953
79 772 -2.68911074999164
80 179 -2.85264478418182
80 185 -2.46678261952702
81 908 -2.81678285411859
81 1044 -2.78265242295782
81 1045 -2.81678285411859
82 97 -2.70853681887592
82 111 -2.82808542634542
82 216 -2.82808542634542
83 315 -2.68283828714589
83 1046 -2.7384244093699
83 892 -2.84840713892412
84 1047 -2.83161160329361
85 189 -2.76633756847556
85 449 -2.87759714646708
85 862 -2.82808542634542
86 124 -2.74738267443434
86 977 -2.53110736653129
86 1048 -2.83127566461005
86 1049 -2.70925096320768
86 778 -2.7970495750798
87 973 -2.87759714646708
87 975 -2.87759714646708
88 91 -2.72457797492177
88 114 -2.72457797492177
88 180 -2.87759714646708
88 237 -2.82287683127286
88 241 -2.80565508125913
88 361 -2.72457797492177
88 1050 -2.72457797492177
88 1051 -2.72457797492177
88 674 -2.72457797492177
89 147 -2.75841038305476
89 1052 -2.75841038305476
90 137 -2.67588441900423
90 1053 -2.46430882179782
90 1054 -2.46430882179782
91 107 -2.68012938069913
91 164 -2.72457797492177
91 182 -2.83445063143615
91 237 -2.83445063143615
91 291 -2.72457797492177
91 1024 -2.80711963883895
91 1055 -2.87441709005168
91 1056 -2.87759714646708
91 413 -2.80711963883895
91 443 -2.72457797492177
91 1050 -2.80565508125913
91 1051 -2.80565508125913
91 1057 -2.80565508125913
91 1058 -2.80565508125913
91 720 -2.87759714646708
91 1059 -2.68012938069913
91 857 -2.68012938069913
92 182 -2.83445063143615
92 1024 -2.83445063143615
92 413 -2.87759714646708
92 1060 -2.83017253893698
92 1061 -2.82287683127286
93 1062 -2.87759714646708
94 1063 -2.85920513918217
94 106 -2.77103537366772
94 1064 -2.77103537366772
95 129 -2.80345480923419
96 933 -2.73591118194052
97 848 -2.81036236008329
97 1065 -2.70853681887592
98 115 -2.735144903605
99 284 -2.87759714646708
100 353 -2.74162455953037
100 1066 -2.85714507399051
101 1067 -2.87759714646708
102 1068 -2.87759714646708
103 223 -2.87759714646708
103 1069 -2.5750268540383
103 402 -2.87759714646708
103 428 -2.87759714646708
103 1070 -2.87441709005168
103 1071 -2.87759714646708
103 608 -2.87759714646708
103 1072 -2.87759714646708
103 758 -2.87759714646708
103 1073 -2.71789888294575
104 1074 -2.83378116976377
105 163 -2.37711785462728
105 164 -2.87759714646708
105 1075 -2.87759714646708
105 520 -2.87759714646708
105 536 -2.87759714646708
105 1076 -2.87759714646708
106 266 -2.87398428153737
106 1064 -2.87614956249783
106 548 -2.87614956249783
106 648 -2.87614956249783
106 1077 -2.87614956249783
107 151 -2.68012938069913
107 215 -2.77389419048819
107 324 -2.66734781328225
107 437 -2.87759714646708
107 1078 -2.66649225110859
107 1079 -2.87759714646708
108 119 -2.79324192577616
108 987 -2.71620405147261
108 1080 -2.85052282540709
108 1081 -2.8175149095328
109 1082 -2.87759714646708
110 162 -2.85037893608107
111 1083 -2.87759714646708
111 628 -2.58803827737238
112 1084 -2.80428040754708
113 263 -2.87759714646708
113 1085 -2.87759714646708
113 806 -2.87759714646708
114 183 -1.63316428301103
114 285 -2.67212596753811
114 1086 -2.80161442977025
114 1087 -2.87759714646708
114 655 -2.87759714646708
114 1076 -2.87759714646708
114 1088 -2.87759714646708
114 1089 -2.52670404285288
114 737 -2.52670404285288
114 738 -2.52670404285288
114 739 -2.52670404285288
114 740 -2.52670404285288
114 1090 -2.52670404285288
115 327 -2.81864391409414
115 491 -2.81864391409414
115 567 -2.81864391409414
115 632 -2.81864391409414
115 636 -2.81864391409414
115 638 -2.81864391409414
115 640 -2.81864391409414
115 644 -2.81864391409414
115 646 -2.7970495750798
116 146 -2.87759714646708
117 771 -2.68911074999164
118 185 -2.46678261952702
118 652 -2.76201326483434
119 1080 -2.85052282540709
120 1091 -2.82808542634542
120 171 -2.87759714646708
120 1092 -2.82808542634542
121 197 -2.87759714646708
121 1093 -2.87759714646708
121 1094 -2.87759714646708
121 597 -2.87759714646708
122 1095 -2.48069830682807
123 1096 -2.86274307530458
124 646 -2.81864391409414
124 1097 -2.84153246592632
125 1098 -2.87759714646708
126 1099 -2.82808542634542
126 729 -2.87759714646708
127 1100 -2.87571231876921
128 941 -2.72255673275574
129 218 -2.47640389600085
130 1101 -2.87759714646708
131 1083 -2.82808542634542
131 171 -2.87759714646708
131 1102 -2.82808542634542
132 236 -2.50214669059125
132 307 -2.81095654909807
132 1103 -2.87759714646708
133 136 -2.8733048508151
133 1104 -2.77792800577923
134 180 -2.71944640648012
134 325 -2.85251570086379
135 1105 -2.86131382534597
135 1106 -2.86131382534597
135 533 -2.81507236725443
135 546 -2.81507236725443
135 554 -2.81507236725443
135 1107 -2.81507236725443
135 666 -2.81507236725443
135 667 -2.81507236725443
136 483 -2.81883801610986
137 1108 -2.86498073050797
138 186 -2.87759714646708
138 856 -2.85529650169701
139 190 -2.87759714646708
139 210 -2.6190518038066
139 1109 -2.7845713607625
139 318 -2.87759714646708
139 333 -2.87759714646708
139 486 -2.87759714646708
139 578 -2.87759714646708
139 579 -2.87759714646708
139 1110 -2.52670404285288
139 1111 -2.87759714646708
140 1009 -2.75789482482081
140 1112 -2.86001969229123
141 1113 -2.75833089440556
142 1114 -2.87759714646708
143 917 -2.87759714646708
143 1115 -2.72385402702611
144 970 -2.87759714646708
144 1116 -2.87759714646708
144 1117 -2.87759714646708
145 1023 -2.87759714646708
146 1067 -2.48069830682807
147 1052 -2.75841038305476
148 1118 -2.40873999789787
149 254 -2.79744281248694
149 292 -2.70720442901774
150 1119 -2.80551814161029
150 1048 -2.83127566461005
151 1120 -2.61896048279433
152 207 -2.76008057823557
153 332 -2.86693352418295
153 1121 -2.86693352418295
154 937 -2.77670772142321
154 1122 -2.82214478436619
155 1123 -2.87759714646708
155 464 -2.87759714646708
156 971 -2.67588441900423
156 1124 -2.87759714646708
157 166 -2.83026368918883
157 1125 -2.75132709367532
158 1034 -2.47640389600085
158 1035 -2.77140875680962
158 1126 -2.87759714646708
159 933 -2.73591118194052
160 1127 -2.76283962136217
161 1128 -2.78961306643964
162 1003 -2.75411102149627
163 1129 -2.78938443723492
163 1120 -2.78938443723492
164 180 -2.87759714646708
164 237 -2.83017253893698
164 1057 -2.72457797492177
164 1058 -2.72457797492177
165 1130 -2.87759714646708
165 485 -2.83482779191174
166 181 -2.79544919339933
166 1112 -2.78044335704912
166 1131 -2.87759714646708
167 1132 -2.60903463300257
168 171 -2.87759714646708
169 1055 -2.87441709005168
170 192 -2.67072923581512
170 259 -2.85420386890526
171 1133 -2.82808542634542
172 560 -2.87759714646708
172 1134 -2.87759714646708
173 1135 -2.86789583276209
174 234 -2.87759714646708
175 1136 -2.51273148637512
175 1137 -2.87759714646708
175 355 -2.87759714646708
176 242 -2.86543001425953
176 1138 -2.85236692813891
177 318 -2.87759714646708
177 402 -2.87759714646708
177 482 -2.7845713607625
177 604 -2.87759714646708
177 1139 -2.87759714646708
178 198 -2.80009066537433
178 1140 -2.80161442977025
178 1141 -2.8515964420534
179 1014 -2.74182098817416
179 1142 -2.76201326483434
180 237 -2.66649225110859
180 243 -2.735144903605
180 501 -2.87759714646708
181 309 -2.75295964799099
182 237 -2.76283962136217
183 221 -2.69219913290475
183 246 -2.87759714646708
183 1143 -2.87759714646708
183 1144 -2.87759714646708
184 1145 -2.87759714646708
185 1146 -2.7998607489409
186 856 -2.66059668077418
187 255 -2.85964610218171
187 1147 -2.79962000980387
188 496 -2.87759714646708
189 862 -2.5911312327966
190 288 -2.6190518038066
190 967 -2.87759714646708
190 581 -2.52670404285288
190 1148 -2.52670404285288
190 1149 -2.77103537366772
191 208 -2.87759714646708
192 1056 -2.76283962136217
192 1150 -2.76283962136217
192 1151 -2.69714463132199
193 485 -2.87759714646708
193 1152 -2.87759714646708
194 904 -2.77967754544501
194 648 -2.77103537366772
195 1153 -2.87759714646708
195 1154 -2.83880511790126
196 1155 -2.87456289077611
197 610 -2.80129349993928
198 248 -2.80161442977025
199 885 -2.7694937065708
200 1156 -2.87759714646708
201 1129 -2.78938443723492
202 225 -2.87759714646708
202 1157 -2.80710615942562
203 1109 -2.70495998399684
203 1158 -2.77103537366772
204 1159 -2.75308480197252
205 1160 -2.87759714646708
206 1161 -2.87759714646708
207 279 -2.77042415709456
207 1162 -2.77042415709456
208 913 -2.81678285411859
209 1163 -2.40873999789787
210 288 -2.87759714646708
210 1164 -2.7845713607625
210 1165 -2.87759714646708
210 1166 -2.52670404285288
210 1167 -2.87759714646708
210 580 -2.87759714646708
210 1168 -2.77103537366772
211 1122 -2.82214478436619
211 701 -2.87759714646708
212 1169 -2.87759714646708
212 994 -2.87759714646708
213 1170 -2.80345480923419
213 1171 -2.87759714646708
213 941 -2.84680146523533
213 1172 -2.87759714646708
214 263 -2.87759714646708
214 485 -2.87759714646708
214 615 -2.87759714646708
214 1173 -2.84994537671198
215 1023 -2.77389419048819
215 1174 -2.71881351548485
216 1102 -2.87759714646708
217 250 -2.82481825302757
218 1022 -2.87759714646708
219 924 -2.87759714646708
220 1172 -2.87759714646708
221 235 -2.81362051981772
221 1175 -2.76511771708234
222 1176 -2.04956418697532
223 1177 -2.87759714646708
223 1178 -2.7845713607625
224 991 -2.87759714646708
224 1179 -2.77936688509702
225 1180 -2.80129349993928
226 1181 -2.87759714646708
227 1182 -2.87759714646708
227 1117 -2.87759714646708
228 266 -2.87759714646708
229 300 -2.87759714646708
230 1183 -2.83588058985177
230 1184 -2.87759714646708
231 1185 -2.87759714646708
232 476 -2.85340191101622
233 464 -2.87759714646708
233 1186 -2.87759714646708
233 1187 -2.65645419692807
234 1188 -2.47640389600085
235 246 -2.75070981124375
235 1189 -2.76511771708234
236 1190 -2.50214669059125
237 1024 -2.83445063143615
237 413 -2.83445063143615
237 521 -2.59291370752622
238 1152 -2.77936688509702
239 260 -2.83482779191174
239 1191 -2.87759714646708
240 1192 -2.83588058985177
241 1050 -2.80565508125913
241 1051 -2.80565508125913
242 773 -2.68911074999164
243 1024 -2.74721913293415
244 1193 -2.55642603946874
244 1194 -2.78737344906744
245 394 -2.4744601587078
246 1195 -2.75070981124375
247 871 -2.87759714646708
248 1196 -2.87759714646708
249 1197 -2.87759714646708
250 1198 -2.87759714646708
251 257 -2.87759714646708
251 599 -2.87759714646708
251 1199 -2.87759714646708
251 1200 -2.87759714646708
252 1201 -2.67588441900423
253 1202 -2.87131694818255
254 1007 -2.79744281248694
255 303 -2.44822414179468
256 1203 -2.87759714646708
256 1204 -2.67072923581512
257 1205 -2.7845713607625
257 598 -2.87759714646708
258 1206 -2.87759714646708
259 1207 -2.77103537366772
259 1208 -2.52670404285288
259 1209 -2.52670404285288
259 1210 -2.52670404285288
260 1211 -2.87759714646708
260 620 -2.87759714646708
260 1212 -2.87759714646708
261 481 -2.87759714646708
262 996 -2.85336432341665
263 615 -2.87759714646708
263 1085 -2.84994537671198
264 1213 -2.87759714646708
265 1214 -2.67588441900423
266 1215 -2.87759714646708
267 1216 -2.47640389600085
268 861 -2.87759714646708
269 1217 -2.47640389600085
270 649 -2.84615598044193
271 742 -2.52670404285288
271 743 -2.52670404285288
272 1218 -2.87759714646708
272 1157 -2.87759714646708
273 1219 -2.81883801610986
274 1129 -2.61896048279433
274 977 -2.77370674984866
274 1059 -2.68012938069913
275 1220 -2.57810987978113
276 1221 -2.66158336167531
277 321 -2.87759714646708
278 1222 -2.74570954724659
278 681 -2.81678285411859
278 682 -2.81678285411859
279 1125 -2.50214669059125
279 1162 -2.77042415709456
279 1223 -2.50214669059125
280 1224 -2.85377031709502
281 1225 -2.81954317645507
282 1226 -2.50214669059125
283 1056 -2.87759714646708
283 1227 -2.87759714646708
283 1228 -2.76283962136217
284 1229 -2.87759714646708
285 940 -2.87759714646708
286 1230 -2.5911312327966
287 1231 -2.87759714646708
288 563 -2.52670404285288
288 966 -2.87759714646708
288 583 -2.52670404285288
288 1232 -2.77103537366772
289 496 -2.82481825302757
290 1233 -2.71430092559278
291 1234 -2.72457797492177
292 1007 -2.87759714646708
293 1235 -2.87759714646708
294 1226 -2.81758057846588
295 1236 -2.85431820797587
296 1237 -2.87759714646708
297 302 -2.83308239730878
298 1238 -2.67072923581512
299 470 -2.87759714646708
300 1239 -2.87759714646708
301 726 -2.87759714646708
302 1240 -2.6929342790297
303 387 -2.85449750340882
304 395 -2.87759714646708
304 422 -2.87759714646708
304 852 -2.87759714646708
304 995 -2.87759714646708
305 1241 -2.68283828714589
306 905 -2.83241891995454
306 1240 -2.78886505431074
307 1242 -2.50214669059125
308 1243 -2.66059668077418
309 1032 -2.86305716688927
310 1244 -2.30001868667698
311 392 -2.87759714646708
311 415 -2.87759714646708
312 466 -2.83959628727959
312 546 -2.83959628727959
312 1245 -2.75553179992135
312 664 -2.83959628727959
312 1246 -2.84608112883526
313 1247 -2.87759714646708
314 1153 -2.47640389600085
315 502 -2.84840713892412
316 1248 -2.77936688509702
316 1249 -2.84994537671198
317 1201 -2.57441471054214
318 561 -2.87759714646708
318 606 -2.87759714646708
319 1250 -2.76387601536226
320 1251 -2.87759714646708
321 1252 -2.87759714646708
321 1099 -2.5911312327966
322 1253 -2.81758057846588
323 1254 -2.83150372006947
323 1255 -2.79942957842726
324 346 -2.74065142829203
325 343 -2.47435256228051
325 345 -2.8653403301526
325 512 -2.76387601536226
326 713 -2.65611541457292
326 719 -2.50619722137468
327 1256 -2.81864391409414
327 633 -2.81864391409414
327 1257 -2.81864391409414
327 1258 -2.81864391409414
327 641 -2.81864391409414
327 1259 -2.81864391409414
327 1260 -2.81864391409414
327 1261 -2.7970495750798
328 420 -2.84299936662574
328 507 -2.84299936662574
329 1012 -2.7920950564804
330 978 -2.74482424995673
331 340 -2.77523078394645
331 1039 -2.87036207406364
332 1121 -2.86693352418295
333 1262 -2.71789888294575
333 561 -2.87759714646708
333 562 -2.52670404285288
333 1263 -2.87759714646708
334 1264 -2.82604814729963
335 1057 -2.80565508125913
335 1058 -2.80565508125913
336 1265 -2.72400399979478
336 938 -2.76105923975397
337 1266 -2.87759714646708
338 408 -2.87759714646708
338 1267 -2.87759714646708
339 1268 -2.67079109790678
339 1269 -2.87036207406364
339 1270 -2.67079109790678
340 1268 -2.87759714646708
340 521 -2.59291370752622
341 1271 -2.7092137873058
342 1272 -2.44565939352133
343 521 -2.73845118473091
343 1273 -2.76387601536226
344 1274 -2.67079109790678
345 501 -2.77470620462885
346 533 -2.81507236725443
346 1275 -2.85601195307219
346 664 -2.83959628727959
347 1276 -2.87759714646708
348 1277 -2.87676963715062
349 1278 -2.87759714646708
350 878 -2.87759714646708
351 1279 -2.87759714646708
352 1280 -2.71022678714184
353 1281 -2.74162455953037
354 1282 -2.67072923581512
355 1283 -2.87759714646708
356 668 -2.52670404285288
356 1284 -2.52670404285288
356 1285 -2.77103537366772
356 1286 -2.77103537366772
357 1287 -2.87759714646708
358 564 -2.72635692949408
358 1288 -2.78961306643964
359 383 -2.87759714646708
359 1289 -2.87759714646708
359 1290 -2.87759714646708
360 1291 -2.87759714646708
361 1292 -2.80161442977025
361 1293 -2.87759714646708
361 1294 -2.52670404285288
361 1295 -2.52670404285288
362 1296 -2.87759714646708
362 1297 -2.52670404285288
363 1298 -2.84615598044193
364 850 -2.77054652529802
365 1047 -2.83161160329361
366 936 -2.80298812035524
367 1004 -2.73718764830307
368 890 -2.7384244093699
369 921 -2.87624386968785
370 1036 -2.76052196668072
371 1138 -2.85236692813891
372 1028 -2.76708976257596
373 929 -2.73867038750639
374 985 -2.78389380507062
374 1299 -2.78389380507062
375 993 -2.84717668475923
376 1046 -2.7384244093699
377 976 -2.87129014976987
378 1074 -2.83378116976377
379 990 -2.77943128531337
380 1068 -2.87759714646708
381 1300 -2.87759714646708
382 1301 -2.87759714646708
382 1302 -2.81036236008329
383 1303 -2.87759714646708
384 1304 -2.87759714646708
385 1305 -2.85750273123392
386 1306 -2.8529372565036
387 1307 -2.78237663347846
388 763 -2.82808542634542
389 809 -2.8360686682938
390 1308 -2.87759714646708
391 1309 -2.87759714646708
392 462 -2.87759714646708
392 600 -2.87759714646708
393 1310 -2.87759714646708
394 919 -2.87759714646708
394 1011 -2.8641248643961
395 852 -2.87759714646708
395 1311 -2.87759714646708
396 463 -2.70925096320768
397 1312 -2.70495998399684
398 1313 -2.87759714646708
399 1314 -2.87759714646708
400 716 -2.78237663347846
401 1315 -2.70925096320768
402 561 -2.87759714646708
402 609 -2.87759714646708
402 1316 -2.87759714646708
402 1317 -2.71789888294575
403 1318 -2.83692922177704
404 430 -2.57876424102014
405 1319 -2.78721116680519
405 427 -2.83645705145661
406 1320 -2.83203676308635
407 1321 -2.80161442977025
408 1267 -2.86274307530458
409 468 -2.84615598044193
409 1322 -2.87759714646708
410 1323 -2.8115073331481
411 856 -2.87450899810197
412 1324 -2.76011895613141
413 1325 -2.74721913293415
414 1326 -2.78548032611821
415 462 -2.87759714646708
415 601 -2.87759714646708
415 1327 -2.87759714646708
416 1328 -2.86378469432638
417 1329 -2.87759714646708
418 1012 -2.47640389600085
419 932 -2.80839046987609
420 612 -2.61023447847706
420 613 -2.19038316556568
421 823 -2.66102423294863
422 995 -2.87759714646708
423 1330 -2.75132709367532
424 1331 -2.73023513121765
425 932 -2.80839046987609
426 1332 -2.87759714646708
427 1333 -2.52128953634511
428 607 -2.87759714646708
428 609 -2.87759714646708
429 522 -2.87139924523939
429 1334 -2.87759714646708
429 809 -2.8360686682938
430 1335 -2.61023447847706
431 586 -2.4744601587078
432 1045 -2.81678285411859
433 1336 -2.47640389600085
434 1337 -2.87406243644312
435 1338 -2.87759714646708
436 1339 -2.70925096320768
437 1340 -2.87759714646708
437 1107 -2.81507236725443
438 1341 -2.87759714646708
439 926 -2.87759714646708
440 1342 -2.87759714646708
441 1343 -2.87759714646708
441 1344 -2.87759714646708
442 1345 -2.87759714646708
443 1346 -2.72457797492177
444 1097 -2.84153246592632
445 1134 -2.47640389600085
446 1347 -2.6303558930272
446 1265 -2.72400399979478
447 1348 -2.87759714646708
448 1349 -2.67072923581512
449 1350 -2.87759714646708
449 1351 -2.87759714646708
450 942 -2.72255673275574
451 457 -2.42716231047703
452 463 -2.73238840321642
453 1342 -2.47640389600085
454 1352 -2.70495998399684
455 1353 -2.82983632774994
455 1354 -2.87759714646708
456 1355 -2.80161442977025
457 1112 -2.86001969229123
457 1356 -2.50214669059125
457 888 -2.7694937065708
458 910 -2.74162455953037
459 489 -2.76142572922614
460 472 -2.8513157855143
461 1357 -2.83017253893698
461 1358 -2.82287683127286
461 1359 -2.66649225110859
462 1360 -2.87759714646708
462 1361 -2.7845713607625
463 571 -2.50214669059125
464 1362 -2.87759714646708
465 1363 -2.80161442977025
466 1364 -2.83959628727959
466 1245 -2.75553179992135
467 1365 -2.7348081007964
468 1366 -2.57232822046934
469 1367 -2.75132709367532
470 1367 -2.50214669059125
470 1368 -2.85340191101622
471 1369 -2.84777706720744
472 1370 -2.8513157855143
473 1371 -2.76142572922614
474 1372 -2.87759714646708
475 536 -2.83017253893698
476 657 -2.50214669059125
477 1005 -2.61875082492884
478 980 -2.67913859058533
479 1373 -2.60786921315491
480 1374 -2.71913982010086
481 1375 -2.87759714646708
482 1376 -2.70495998399684
483 1377 -2.81883801610986
483 547 -2.86795314762708
484 1378 -2.76011895613141
485 1248 -2.87759714646708
485 1379 -2.84994537671198
486 504 -2.87759714646708
487 911 -2.82287683127286
488 1380 -2.84065518694475
489 1381 -2.76142572922614
490 1164 -2.87759714646708
491 1256 -2.81864391409414
492 1075 -2.87759714646708
493 1382 -2.87759714646708
494 1269 -2.87759714646708
495 526 -2.79540509160596
496 611 -2.82481825302757
497 853 -2.60207601147794
498 1383 -2.8666623242571
499 1384 -2.7121622456205
500 516 -2.81864391409414
500 632 -2.81864391409414
501 1385 -2.87759714646708
502 1386 -2.77463152901014
503 911 -2.85597045222968
503 1358 -2.72457797492177
504 1387 -2.77103537366772
505 1388 -2.87759714646708
505 1389 -2.81403899184662
506 543 -2.79942957842726
507 1390 -2.84299936662574
508 1391 -2.73995911584694
509 1392 -2.53660685076505
510 1393 -2.87759714646708
510 1147 -2.8334193643355
511 541 -2.86378469432638
511 543 -2.86378469432638
512 1273 -2.87759714646708
512 1394 -2.7506750640607
513 1395 -2.47640389600085
514 1396 -2.87759714646708
515 1397 -2.87759714646708
516 1256 -2.81864391409414
517 1258 -2.81864391409414
517 639 -2.81864391409414
518 1257 -2.81864391409414
518 637 -2.81864391409414
519 1260 -2.81864391409414
519 645 -2.81864391409414
520 536 -2.72457797492177
520 1398 -2.87759714646708
521 656 -2.77241692958495
521 1399 -2.52374162439467
522 1400 -2.8360686682938
522 1401 -2.73640514945197
522 1402 -2.70335122755151
523 1403 -2.81362051981772
524 1404 -2.87759714646708
525 798 -2.83309730002498
526 1405 -2.85244421053439
526 1027 -2.85157808852556
527 1406 -2.72709918338484
528 1407 -2.83386420704204
529 1408 -2.83386420704204
530 1409 -2.87759714646708
531 1259 -2.81864391409414
531 643 -2.81864391409414
532 1410 -2.83386420704204
533 546 -2.83959628727959
533 662 -2.87759714646708
534 655 -2.87759714646708
535 1411 -2.76386981313015
535 1412 -2.87759714646708
536 1413 -2.87759714646708
537 1414 -2.87088839539982
537 1415 -2.87759714646708
538 1416 -2.78455075155332
539 1417 -2.83386420704204
540 1418 -2.87759714646708
541 1419 -2.86378469432638
542 549 -2.79606489914711
543 1419 -2.86378469432638
544 547 -2.87759714646708
545 1420 -2.87759714646708
546 551 -2.74065142829203
546 663 -2.87759714646708
546 664 -2.81507236725443
547 1421 -2.86795314762708
548 1422 -2.87614956249783
549 1423 -2.85744547694642
550 1424 -2.87759714646708
551 554 -2.76386981313015
551 1031 -2.87759714646708
551 1425 -2.87759714646708
552 1426 -2.7803474044548
553 1427 -2.87759714646708
553 1428 -2.55642603946874
554 667 -2.87759714646708
555 1429 -2.87759714646708
556 1430 -2.82931358311126
556 1431 -2.7803474044548
557 695 -2.52670404285288
558 1307 -2.71817810897861
558 768 -2.86378469432638
559 1255 -2.83150372006947
560 650 -2.87759714646708
561 607 -2.87759714646708
562 1432 -2.87759714646708
563 1148 -2.6190518038066
563 1433 -2.77103537366772
564 678 -2.87759714646708
565 1434 -2.87759714646708
566 1435 -2.86122592983426
567 1436 -2.81864391409414
567 1259 -2.81864391409414
568 1437 -2.7763724969359
569 881 -2.50214669059125
569 1049 -2.50214669059125
570 882 -2.50214669059125
570 1339 -2.50214669059125
571 854 -2.50214669059125
572 883 -2.50214669059125
572 1438 -2.50214669059125
573 855 -2.50214669059125
573 1315 -2.50214669059125
574 884 -2.50214669059125
574 1439 -2.50214669059125
575 1439 -2.70925096320768
576 1438 -2.70925096320768
577 1440 -2.73238840321642
578 1441 -2.87759714646708
578 1442 -2.6190518038066
579 967 -2.87759714646708
580 966 -2.87759714646708
581 582 -2.84994537671198
582 1443 -2.77103537366772
583 584 -2.84994537671198
584 1444 -2.77103537366772
585 1299 -2.78389380507062
585 1445 -2.53014402959069
585 629 -2.60207601147794
586 1010 -2.8641248643961
587 1446 -2.76008057823557
588 903 -2.74065142829203
589 1447 -2.83150372006947
590 1395 -2.67072923581512
591 592 -2.8166572043327
591 1448 -2.87759714646708
592 1010 -2.75132709367532
593 596 -2.8166572043327
593 1011 -2.75132709367532
594 1449 -2.87759714646708
594 1450 -2.87759714646708
595 1451 -2.87759714646708
595 1452 -2.87759714646708
596 1453 -2.87759714646708
597 1454 -2.87759714646708
598 1455 -2.87759714646708
599 1456 -2.87759714646708
600 1457 -2.87759714646708
601 602 -2.87759714646708
602 1458 -2.87759714646708
603 1458 -2.87759714646708
604 1459 -2.87759714646708
605 1199 -2.87759714646708
605 1200 -2.87759714646708
606 1139 -2.87759714646708
607 608 -2.87759714646708
608 609 -2.87759714646708
609 1072 -2.87759714646708
610 1460 -2.82434866162637
611 1461 -2.82481825302757
612 613 -2.61023447847706
613 1462 -2.61023447847706
614 615 -2.67072923581512
614 1463 -2.84994537671198
615 617 -2.77936688509702
616 1464 -2.87759714646708
617 1465 -2.84994537671198
618 1249 -2.77936688509702
618 1379 -2.87759714646708
619 1465 -2.77936688509702
619 1085 -2.87759714646708
619 1173 -2.87759714646708
620 1466 -2.47640389600085
621 1467 -2.87759714646708
622 1468 -2.87759714646708
622 1469 -2.83482779191174
623 1470 -2.8733048508151
624 1060 -2.83017253893698
625 1061 -2.82287683127286
625 1471 -2.87759714646708
626 1472 -2.78167774394657
626 1473 -2.78167774394657
627 630 -2.87759714646708
628 629 -2.58803827737238
629 979 -2.87759714646708
630 1474 -2.78961306643964
631 912 -2.82276020908987
631 925 -2.87759714646708
632 633 -2.81864391409414
633 634 -2.81864391409414
634 635 -2.81864391409414
635 636 -2.81864391409414
636 1257 -2.81864391409414
637 638 -2.81864391409414
638 1258 -2.81864391409414
639 640 -2.81864391409414
640 641 -2.81864391409414
641 642 -2.81864391409414
642 1436 -2.81864391409414
643 644 -2.81864391409414
644 1260 -2.81864391409414
645 646 -2.81864391409414
646 1261 -2.7970495750798
647 1475 -2.6929342790297
648 1476 -2.87614956249783
649 1477 -2.57232822046934
650 1478 -2.77936688509702
651 1479 -2.83386420704204
652 893 -2.76201326483434
653 1386 -2.77463152901014
654 1386 -2.80129349993928
655 741 -2.52670404285288
655 746 -2.52670404285288
656 1273 -2.81596576591787
657 658 -2.81758057846588
658 1012 -2.75132709367532
659 1313 -2.87398428153737
660 1120 -2.78938443723492
661 1480 -2.87759714646708
662 663 -2.87759714646708
663 1425 -2.87759714646708
664 1031 -2.74065142829203
665 666 -2.87759714646708
666 667 -2.81507236725443
667 1425 -2.76386981313015
668 1481 -2.77103537366772
669 1482 -2.57232822046934
670 1479 -2.83386420704204
671 1483 -2.87759714646708
672 1042 -2.66923083355782
673 1484 -2.85111732419025
674 1485 -2.80161442977025
675 1486 -2.80161442977025
676 858 -2.80161442977025
677 1487 -2.87129014976987
678 1488 -2.87759714646708
679 1489 -2.87759714646708
680 1490 -2.87759714646708
681 682 -2.52670404285288
681 1491 -2.81678285411859
682 1492 -2.81678285411859
683 685 -2.67072923581512
684 1493 -2.67072923581512
685 1494 -2.47640389600085
686 1493 -2.47640389600085
687 1495 -2.61875082492884
688 1496 -2.47640389600085
688 693 -2.52670404285288
689 1497 -2.52670404285288
689 1498 -2.52670404285288
689 959 -2.46520761342293
690 819 -2.52670404285288
690 1499 -2.52670404285288
690 1500 -2.52670404285288
690 1501 -2.52670404285288
691 1502 -2.52670404285288
692 699 -2.67072923581512
692 1503 -2.77936688509702
693 1504 -2.52670404285288
693 1505 -2.52670404285288
694 709 -2.74162455953037
694 1506 -2.52670404285288
694 1507 -2.52670404285288
694 1508 -2.74162455953037
695 1509 -2.87759714646708
696 1406 -2.70720442901774
697 1510 -2.87759714646708
698 732 -2.52670404285288
699 1511 -2.77103537366772
700 1512 -2.52670404285288
700 1513 -2.52670404285288
700 750 -2.52670404285288
701 1514 -2.52670404285288
701 806 -2.52670404285288
701 1515 -2.87759714646708
702 1516 -2.77936688509702
702 944 -2.46520761342293
702 1517 -2.67072923581512
703 810 -2.87139924523939
704 811 -2.87759714646708
704 1518 -2.39375288327427
704 1519 -2.75833089440556
705 1520 -2.67072923581512
706 1521 -2.5750268540383
707 1522 -2.75132709367532
708 1523 -2.87759714646708
709 1507 -2.74162455953037
710 1524 -2.82894476743205
711 961 -2.46520761342293
712 1077 -2.77103537366772
712 801 -2.74162455953037
712 812 -2.74162455953037
713 1525 -2.65051484911434
714 1500 -2.46520761342293
715 1526 -2.87759714646708
716 1527 -2.71817810897861
717 1527 -2.83150372006947
717 1528 -2.86378469432638
718 1529 -2.86378469432638
719 1525 -2.65611541457292
720 1530 -2.87759714646708
721 1507 -2.74162455953037
722 1531 -2.50214669059125
723 1531 -2.50214669059125
724 857 -2.68012938069913
725 1532 -2.85691445155364
726 895 -2.87759714646708
727 1533 -2.74162455953037
727 1534 -2.74162455953037
728 1533 -2.87759714646708
729 1535 -2.87759714646708
730 1536 -2.87759714646708
731 1361 -2.70495998399684
732 1537 -2.52670404285288
732 794 -2.52670404285288
733 744 -2.52670404285288
733 745 -2.52670404285288
734 1538 -2.67072923581512
735 1330 -2.50214669059125
736 1539 -2.52670404285288
737 1540 -2.87759714646708
738 1541 -2.87759714646708
739 1542 -2.87759714646708
740 1543 -2.87759714646708
741 1544 -2.52670404285288
742 945 -2.46520761342293
743 946 -2.46520761342293
743 947 -2.46520761342293
744 950 -2.46520761342293
744 951 -2.46520761342293
745 948 -2.46520761342293
745 949 -2.46520761342293
746 1545 -2.52670404285288
747 1546 -2.87759714646708
748 952 -2.46520761342293
749 953 -2.46520761342293
750 954 -2.46520761342293
751 1547 -2.52670404285288
751 955 -2.46520761342293
752 958 -2.46520761342293
753 956 -2.46520761342293
754 957 -2.46520761342293
755 958 -2.46520761342293
756 960 -2.46520761342293
757 814 -2.85420386890526
758 1548 -2.87759714646708
759 1549 -2.87759714646708
760 1550 -2.8246693355802
761 1551 -2.8246693355802
762 1552 -2.78455075155332
763 1553 -2.82808542634542
764 1554 -2.87759714646708
764 1453 -2.7763724969359
765 1555 -2.5750268540383
766 1556 -2.7845713607625
767 1557 -2.7845713607625
768 1558 -2.79942957842726
769 1559 -2.87759714646708
770 1560 -2.86274307530458
770 1561 -2.68911074999164
770 1562 -2.68911074999164
770 1563 -2.68911074999164
770 1446 -2.76008057823557
771 1561 -2.68911074999164
772 1562 -2.68911074999164
773 1563 -2.68911074999164
774 1564 -2.87759714646708
775 1565 -2.70925096320768
776 1566 -2.70925096320768
777 887 -2.7694937065708
778 779 -2.81095654909807
779 1141 -2.82503971930608
780 1567 -2.86274307530458
781 782 -2.70925096320768
782 783 -2.50214669059125
783 784 -2.50214669059125
784 785 -2.7694937065708
785 786 -2.70925096320768
786 787 -2.50214669059125
787 788 -2.50214669059125
788 789 -2.7694937065708
789 790 -2.70925096320768
790 791 -2.50214669059125
791 792 -2.50214669059125
792 1568 -2.7694937065708
793 1569 -2.87759714646708
794 1570 -2.87759714646708
795 886 -2.50214669059125
796 887 -2.50214669059125
797 1571 -2.52670404285288
797 1572 -2.52670404285288
797 828 -2.70495998399684
798 1573 -2.7694937065708
799 800 -2.50214669059125
800 888 -2.75132709367532
801 1574 -2.74162455953037
802 1575 -2.52670404285288
803 804 -2.67072923581512
804 1576 -2.77936688509702
805 1577 -2.67072923581512
806 807 -2.52670404285288
806 1515 -2.87759714646708
807 1515 -2.87759714646708
808 1515 -2.87759714646708
809 1400 -2.87139924523939
810 1578 -2.8360686682938
811 1579 -2.87759714646708
812 1580 -2.74162455953037
813 1581 -2.87759714646708
814 1582 -2.87759714646708
815 817 -2.87759714646708
816 817 -2.87759714646708
817 818 -2.87759714646708
817 1583 -2.87759714646708
818 1584 -2.87759714646708
818 1583 -2.87759714646708
819 1585 -2.52670404285288
820 1586 -2.87759714646708
821 1448 -2.7763724969359
822 1587 -2.70495998399684
823 824 -2.66102423294863
824 1588 -2.66102423294863
825 1589 -2.52670404285288
825 1590 -2.52670404285288
826 1591 -2.52670404285288
827 1592 -2.87759714646708
828 1593 -2.52670404285288
828 1594 -2.52670404285288
828 1595 -2.77103537366772
828 1596 -2.77103537366772
829 1043 -2.66923083355782
830 1597 -2.74370002856861
831 1598 -2.74370002856861
832 1147 -2.79962000980387
833 1599 -2.75922499053709
834 835 -2.8744102972328
835 1600 -2.8744102972328
836 837 -2.75023025564249
836 1601 -2.75023025564249
837 1601 -2.75023025564249
4 915 -2.87759714646708
4 143 -2.87759714646708
4 263 -2.87759714646708
4 1000 -2.84994537671198
4 427 -2.83645705145661
4 449 -2.87759714646708
4 1221 -2.66158336167531
4 1308 -2.87759714646708
4 1335 -2.61023447847706
4 1345 -2.87759714646708
4 498 -2.8666623242571
4 1365 -2.7348081007964
4 1393 -2.87759714646708
4 1333 -2.52128953634511
4 1318 -2.83692922177704
4 560 -2.87759714646708
4 582 -2.84994537671198
4 584 -2.84994537671198
4 1435 -2.86122592983426
4 612 -2.61023447847706
4 613 -2.61023447847706
4 1462 -2.61023447847706
4 1249 -2.84994537671198
4 1465 -2.84994537671198
4 1379 -2.84994537671198
4 1085 -2.84994537671198
4 1173 -2.84994537671198
4 1463 -2.84994537671198
4 1484 -2.85111732419025
4 809 -2.8360686682938
4 1400 -2.8360686682938
4 1578 -2.8360686682938
4 835 -2.8744102972328
4 1600 -2.8744102972328
4 837 -2.75023025564249
4 1599 -2.75922499053709
4 1337 -2.87406243644312
6 9 -2.87759714646708
6 23 -2.87759714646708
6 95 -2.87759714646708
7 89 -2.77168763600175
7 1211 -2.87759714646708
7 404 -2.57876424102014
7 424 -2.73023513121765
7 1154 -2.83880511790126
7 440 -2.73023513121765
7 873 -2.87716779007834
7 469 -2.76186159232221
7 922 -2.83879101418448
7 911 -2.87331805206395
7 1388 -2.87759714646708
7 1549 -2.87759714646708
8 15 -2.87759714646708
8 18 -2.87759714646708
8 24 -2.80129349993928
8 37 -2.87759714646708
8 39 -2.86540118062388
8 41 -2.80129349993928
8 42 -2.80129349993928
8 45 -2.84742818870591
8 54 -2.80129349993928
8 71 -2.86543001425953
8 102 -2.86543001425953
8 155 -2.87759714646708
8 176 -2.86543001425953
8 197 -2.80129349993928
8 225 -2.80129349993928
8 464 -2.87759714646708
8 1386 -2.80129349993928
9 14 -2.80129349993928
9 23 -2.87759714646708
9 79 -2.86543001425953
9 93 -2.80129349993928
9 117 -2.86543001425953
9 242 -2.86543001425953
9 290 -2.80129349993928
9 988 -2.86540118062388
9 994 -2.80129349993928
9 984 -2.87759714646708
9 1123 -2.87759714646708
9 1180 -2.80129349993928
9 610 -2.80129349993928
9 1362 -2.87759714646708
9 654 -2.80129349993928
10 324 -2.66734781328225
10 1305 -2.85750273123392
10 1390 -2.84299936662574
15 18 -2.87759714646708
16 1602 -2.41365374804346
17 88 -2.75893383486327
17 92 -2.87759714646708
17 107 -2.71881351548485
17 164 -2.75893383486327
17 180 -2.735144903605
17 182 -2.76283962136217
17 215 -2.71881351548485
17 237 -2.87759714646708
17 920 -2.87759714646708
17 1056 -2.76283962136217
17 1127 -2.76283962136217
17 1070 -2.87759714646708
17 472 -2.77123197436758
17 1358 -2.75893383486327
17 1059 -2.71881351548485
18 33 -2.87759714646708
20 345 -2.8653403301526
20 347 -2.87759714646708
20 1391 -2.73995911584694
20 1275 -2.85601195307219
20 1193 -2.55642603946874
20 1194 -2.78737344906744
20 1412 -2.87759714646708
20 1424 -2.87759714646708
20 1426 -2.7803474044548
20 1428 -2.55642603946874
20 1420 -2.87759714646708
20 556 -2.7803474044548
20 1430 -2.82931358311126
20 1429 -2.87759714646708
20 1550 -2.8246693355802
20 1423 -2.85744547694642
20 1042 -2.66923083355782
20 1043 -2.66923083355782
23 95 -2.87759714646708
26 226 -2.53660685076505
26 346 -2.87759714646708
26 507 -2.84299936662574
26 1380 -2.84065518694475
26 1392 -2.53660685076505
26 551 -2.87759714646708
26 1031 -2.87759714646708
26 1425 -2.87759714646708
27 1603 -2.87759714646708
27 1136 -2.51273148637512
27 1137 -2.87759714646708
27 1044 -2.78265242295782
27 1604 -2.71789888294575
27 1338 -2.87759714646708
27 1262 -2.71789888294575
27 1340 -2.87759714646708
27 1480 -2.87759714646708
27 715 -2.87759714646708
27 1389 -2.81403899184662
27 1283 -2.87759714646708
27 1073 -2.71789888294575
27 1317 -2.71789888294575
27 1592 -2.87759714646708
31 1126 -2.87759714646708
31 1093 -2.87759714646708
32 41 -2.87759714646708
32 84 -2.85259091417068
33 80 -2.74482424995673
37 1013 -2.60207601147794
37 250 -2.87759714646708
43 778 -2.7970495750798
45 116 -2.85691445155364
45 856 -2.85529650169701
49 132 -2.87759714646708
49 157 -2.87759714646708
49 166 -2.87759714646708
49 916 -2.86715673135981
49 423 -2.7694937065708
53 1020 -2.79586539948558
54 1559 -2.87759714646708
56 1605 -2.7920950564804
58 900 -2.77805613740078
68 189 -2.76633756847556
68 1113 -2.75833089440556
68 321 -2.87759714646708
68 522 -2.87139924523939
68 526 -2.79540509160596
68 1400 -2.87139924523939
68 810 -2.87139924523939
68 1519 -2.75833089440556
533 838 -2.87759714646708
546 838 -2.87759714646708
838 1181 -2.87759714646708
838 1409 -2.87759714646708
838 1411 -2.76386981313015
838 1414 -2.87088839539982
551 838 -2.87759714646708
554 838 -2.76386981313015
838 1427 -2.87759714646708
662 838 -2.87759714646708
663 838 -2.87759714646708
666 838 -2.87759714646708
667 838 -2.76386981313015
838 1425 -2.87759714646708
838 1415 -2.87759714646708
76 884 -2.76186159232221
80 338 -2.87759714646708
86 1150 -2.76283962136217
86 1228 -2.76283962136217
88 145 -2.82287683127286
88 215 -2.86987025251994
93 972 -2.87759714646708
94 549 -2.79606489914711
94 1232 -2.77103537366772
94 1433 -2.77103537366772
94 648 -2.77103537366772
94 1207 -2.77103537366772
94 1444 -2.77103537366772
94 1443 -2.77103537366772
94 1149 -2.77103537366772
94 1168 -2.77103537366772
94 1158 -2.77103537366772
94 1387 -2.77103537366772
94 1077 -2.77103537366772
94 1511 -2.77103537366772
94 1551 -2.8246693355802
94 1552 -2.78455075155332
94 1481 -2.77103537366772
94 1285 -2.77103537366772
94 1286 -2.77103537366772
94 1595 -2.77103537366772
94 1596 -2.77103537366772
466 839 -2.87759714646708
546 839 -2.87759714646708
839 1416 -2.78455075155332
663 839 -2.87759714646708
664 839 -2.87759714646708
840 1606 -2.74430572300932
116 856 -2.85691445155364
116 981 -2.85691445155364
118 1381 -2.76142572922614
118 1405 -2.85244421053439
841 843 -2.81520020734368
119 1015 -2.87759714646708
145 911 -2.82287683127286
145 1358 -2.82287683127286
149 848 -2.81036236008329
149 1406 -2.70720442901774
842 1607 -2.8408832053335
153 349 -2.87759714646708
153 1348 -2.87759714646708
153 1404 -2.87759714646708
187 843 -2.81520020734368
164 845 -2.83017253893698
187 844 -2.81520020734368
182 846 -2.76283962136217
185 1381 -2.76142572922614
845 1357 -2.83017253893698
536 845 -2.83017253893698
237 846 -2.87759714646708
847 851 -2.46520761342293
254 848 -2.81036236008329
848 1302 -2.81036236008329
849 851 -2.46520761342293
394 1094 -2.87759714646708
396 882 -2.7694937065708
401 1119 -2.80551814161029
401 883 -2.7694937065708
850 874 -2.87759714646708
851 1608 -2.46520761342293
852 995 -2.87759714646708
434 1300 -2.87759714646708
436 1320 -2.83203676308635
436 881 -2.7694937065708
585 853 -2.60207601147794
576 854 -2.7694937065708
575 855 -2.7694937065708
586 597 -2.87759714646708
586 923 -2.87759714646708
725 856 -2.85691445155364
856 981 -2.85691445155364
857 1609 -2.71881351548485
858 886 -2.7694937065708
816 818 -2.87759714646708
4 1610 -2.75023025564249
9 19 -2.19038316556568
859 1396 -2.80839046987609
860 1611 -2.86789583276209
136 1104 -2.87759714646708
861 1612 -2.87759714646708
862 1613 -2.817675867593
863 1614 -2.80013690165969
12 1615 -2.86877458871161
12 747 -2.73597216557443
27 29 -2.87759714646708
28 387 -2.78237663347846
28 400 -2.78237663347846
29 1124 -2.87759714646708
29 1262 -2.87759714646708
29 1608 -2.46520761342293
29 1073 -2.87759714646708
29 1317 -2.87759714646708
46 681 -2.52670404285288
46 962 -2.86143873873301
842 864 -2.8408832053335
54 1616 -2.87759714646708
96 140 -2.73591118194052
865 1607 -2.8408832053335
140 1038 -2.75789482482081
290 842 -2.8408832053335
849 866 -2.46520761342293
547 867 -2.86795314762708
868 1617 -2.87759714646708
247 395 -2.87759714646708
847 869 -2.46520761342293
290 1607 -2.8408832053335
304 871 -2.87759714646708
869 1607 -2.8408832053335
689 870 -2.46520761342293
752 870 -2.46520761342293
754 870 -2.46520761342293
870 958 -2.46520761342293
871 995 -2.87759714646708
871 1618 -2.87759714646708
817 871 -2.87759714646708
818 871 -2.87759714646708
711 872 -2.46520761342293
756 872 -2.46520761342293
